611
5012
5349
3208
9318
9084
5245
3697
9455
4823
2233
8271
3003
4259
2590
6534
7572
9231
918
5396
1121
2093
4346
5322
533
2115
202
8
2617
8420
9000
1259
8536
9412
7214
6254
5931
8321
7222
550
8737
3052
1650
7453
7036
6793
8409
2246
7266
4371
703
2646
6766
1900
1364
7682
1079
7229
8162
8860
2112
3426
4417
5384
7304
4783
603
5301
4701
2680
6180
2039
8353
8285
1922
7122
4291
4595
8183
5637
2692
82
7087
6022
8248
4086
8473
7257
1225
1794
6426
9818
260
8269
8876
8748
884
9508
4615
2719
3778
5598
1602
5867
2665
2985
1082
8457
9138
7857
9272
2968
6831
6962
5313
2620
2707
4298
2011
5690
5537
5361
33
4681
4755
1496
7075
7743
6115
1423
6284
328
4592
4348
948
6198
4659
9492
1658
3738
8223
2771
7463
1757
765
524
4878
5645
185
6553
1626
4959
6765
2774
2508
1982
2373
5487
320
8449
7237
3313
5157
9587
9244
4581
8236
2
8505
5599
2625
1343
9803
3492
6626
1449
3854
4412
7625
1734
6703
5757
8905
6859
4092
1477
2032
3178
2686
5127
9784
6057
7107
6440
488
5564
2295
4202
3757
5112
4574
544
516
9583
6942
7131
6935
4164
4278
6200
353
5628
5725
895
756
2003
7253
6707
4977
507
3302
3397
2953
372
9450
6112
6354
8583
6209
1940
405
7500
4341
2061
7890
5344
3647
7173
3368
5212
2586
4011
5024
398
6939
1604
1606
7816
494
3500
9335
6016
4662
5847
2108
1464
5083
2260
6045
9632
385
1213
1967
5183
9607
8224
8776
8517
4704
4661
5134
289
4109
8634
6878
4703
9090
4553
3026
7819
1166
2437
3108
6947
6252
2735
1801
2992
1488
6382
9743
5257
1454
2793
5602
1026
6747
9813
2162
9417
8783
459
4002
559
8636
1921
3824
88
3195
4389
9542
7761
2343
2068
9556
1996
7603
3218
6318
4186
5933
4379
5266
558
4895
8668
8192
6911
374
7777
9759
1872
5710
2165
392
8078
4921
4734
5430
7694
5756
7727
8594
391
4429
4738
432
1046
3551
5892
9680
827
2386
8677
9440
9938
2721
8258
6474
5090
2137
1207
7705
8717
6784
3155
5621
5362
5463
1476
9948
8795
6900
5969
1649
3897
4910
1193
4665
6802
1063
2983
7848
1178
2357
4454
4534
6006
8917
8853
4939
5582
5512
663
1630
8045
1305
2402
9876
5029
3654
6739
7835
1543
1327
1689
8006
2552
5816
2432
1400
4026
725
5982
3668
9920
9101
6737
5639
2359
6577
502
6964
8070
2066
36
18
3927
4569
190
5407
8303
3984
2672
5161
3405
2006
6185
5095
8878
9267
5610
134
6704
483
9893
9523
6046
7149
300
4624
2026
9704
2415
538
2268
6851
2961
8386
9260
4
654
7990
8072
1653
731
1895
212
773
4697
3858
3044
3733
3826
9067
1530
4719
5077
9563
9416
1274
7211
3479
7338
3041
6836
7669
465
4839
4311
6571
6322
4350
5465
7887
6355
6894
8582
8479
4693
9892
6711
5773
3191
5045
3008
7750
1181
6298
4112
6897
5471
357
2817
7837
7216
3474
7471
7140
767
4127
4400
1227
976
929
6294
8565
1855
5453
1998
7185
8513
4952
8964
3257
9992
7874
5473
4637
5289
9666
4764
4195
1113
3255
744
3547
8597
3951
9843
3152
7677
1936
9530
1761
8912
1873
3229
5035
1494
407
520
6497
8325
3664
983
4658
4133
9715
8302
7945
9252
717
685
1110
4361
6640
7959
1641
2479
6307
446
1823
9430
3347
1258
4159
2898
588
4385
9338
6546
6242
2653
5601
8791
5864
1755
8295
2071
8028
5785
235
1033
9187
3756
3893
6858
816
3880
8716
1470
3334
3276
1483
2310
2418
2251
2592
6358
4721
7264
9127
426
6357
395
3258
2122
4242
2328
9975
6757
3046
7525
9569
192
9761
1329
4827
3687
5546
6647
5316
6245
6433
8380
302
286
5198
985
5451
6080
4799
1988
4244
5914
4245
9720
3548
8948
2678
4822
4904
5258
5926
4981
1846
2087
665
1475
2812
5196
4972
515
5305
7307
7830
4950
6113
7801
9111
6536
1009
2528
4968
3417
6241
305
9469
7704
8290
554
4962
1792
930
3560
2599
632
1880
2989
5037
4475
1885
8018
3838
7022
6201
7612
6820
8066
600
6413
2521
1503
8734
1409
579
856
589
9480
8887
2515
552
4552
7383
5977
6843
2213
6443
9081
953
4158
5028
5280
3978
87
5749
5495
9886
7270
5902
4715
774
711
5940
5840
6477
168
7098
8841
9306
2365
2559
6456
2571
3969
1234
6881
2613
3483
8396
6744
274
8446
1491
7130
1719
771
1550
6216
5331
106
8775
8191
5222
2742
4837
3532
2517
7397
7037
5962
6236
9684
449
2997
5411
6772
2349
1691
493
1155
9257
1309
6758
1840
2906
241
5742
5486
7630
6733
6847
2871
4210
1232
5177
7892
3336
8359
5488
955
1035
5048
7931
8895
1107
7950
2780
6184
1130
247
8944
9653
5108
5192
492
8762
7839
4717
650
3193
9003
6260
5808
6960
1203
1533
5211
7241
8589
1646
835
8259
5064
3968
1919
7372
3571
7832
7464
3362
6428
9986
6089
1758
3709
8982
4243
2847
5559
1057
6552
7055
1243
832
3530
7156
1674
8596
1791
3671
6233
8136
236
9633
5385
697
8721
3677
3506
7954
9249
3007
6126
4029
8954
7354
393
7391
8240
3686
7474
8786
8924
7411
5381
4233
4476
9043
4305
2539
4185
4815
2388
5013
3495
3465
6535
7495
8383
566
9423
4139
2846
7340
2474
8043
6274
9308
9044
3563
1684
7227
608
5241
8260
1138
4529
7387
1439
5873
9796
4020
9648
4955
2651
6087
702
6203
2017
9572
1143
3207
8739
5619
2270
301
1338
1944
8979
4046
4965
9787
9012
3929
1635
4052
7584
1223
3230
7827
3770
6275
595
144
8478
3812
2348
6054
9702
5508
244
4142
6779
3411
5078
4643
6420
5856
7335
6625
2606
5185
8381
3582
3107
1377
5839
5175
1253
3352
2405
4358
3952
5705
2288
5956
4774
4057
2836
1914
4519
9581
3378
8595
458
2372
8685
6608
6207
5137
8344
9902
7330
9963
5380
93
7974
7589
2014
9835
6644
5876
1628
1054
1069
9007
2261
6244
161
8167
2514
3673
775
3534
8452
8947
7894
1544
9667
8038
2009
295
9785
9195
6063
4551
8885
9484
860
5286
9382
4722
5761
7618
7440
3402
7517
8211
200
1722
7152
848
3246
9365
9432
9616
1179
6182
5620
808
7957
5890
3061
4102
7521
7588
6659
7741
5436
5721
4486
9912
2379
4345
1560
8695
1616
2768
4299
9103
5282
909
5605
2272
5166
9545
8825
8641
7043
7632
6622
6833
7778
3837
4601
8690
5180
1467
6913
4099
4727
9799
2502
3409
7029
3069
2460
7191
3215
4289
5802
7512
3546
8675
1577
9690
2980
5904
2813
7786
1068
5311
8956
1205
2355
6748
9483
9536
6350
3768
7996
1118
6558
9869
6326
584
7938
4741
7545
3896
6819
8305
3403
6031
3430
3094
5955
2621
4751
6015
9564
4874
5919
633
4559
602
1553
2722
2105
8881
149
3662
1799
9046
2452
3475
4295
3021
7260
7092
2159
5800
6300
3
9959
3170
6376
3569
410
1981
3919
5878
1603
7336
6168
9291
8138
5896
1834
8696
8985
1766
9399
1516
3153
2518
9037
5004
5565
9577
560
2092
707
5999
2772
6790
368
753
5782
8756
5223
3775
2547
6391
7531
8320
4276
784
3561
2412
5259
3091
526
1833
9290
1793
8819
4093
8434
2170
8297
6327
7856
7134
6364
7207
9895
2950
9068
1893
9776
7840
1367
253
1429
2121
487
5320
5529
8397
971
105
6650
5373
3928
1260
8835
761
6648
3720
8374
1741
7038
5277
3277
4723
5643
248
9533
5073
4983
5288
7276
8691
6849
6524
8894
7503
2253
7794
5184
7359
6177
3481
1555
113
491
4887
9344
3390
8778
5131
8523
9658
9691
1067
8632
2566
9615
5521
9753
8494
3591
3714
5085
2211
3478
75
9177
684
843
3614
6857
7747
3719
5357
2274
2218
6377
4528
517
2453
7579
8263
586
4030
3905
3879
3721
9714
3846
8557
3866
2698
4229
7842
9783
3435
8115
5173
4080
5195
3502
406
5713
3843
4009
8705
441
1536
9960
1158
6396
6556
9296
3407
3440
5019
6306
947
8306
2275
4123
868
9772
8437
2298
373
849
2140
2773
5433
4434
6479
3328
9112
4707
9734
128
4378
6803
6492
2689
4252
5500
1131
1103
1931
596
6026
7048
9403
127
8552
3529
8718
9746
4587
6114
9770
9227
647
1453
9650
9908
3067
7193
1640
8664
2878
3800
7446
9300
2320
2974
7035
7342
7548
964
3157
9460
1393
4148
6012
9973
5901
1822
7574
4266
6583
2173
5092
5484
5065
4155
1729
7461
7473
2682
8105
2085
7138
8922
3543
4443
5861
2757
2981
2111
7693
5737
9128
1249
5492
1523
2476
3187
2171
2945
5449
4951
1695
866
5429
2160
3913
9141
7983
6517
3936
2259
5440
9498
6202
1578
9565
3527
900
2892
45
1383
2318
2296
3980
3220
1045
9871
276
8950
3960
321
9119
965
3320
6187
4374
76
4470
7416
5275
9175
3716
9987
1114
143
9909
8017
7636
7907
8487
9419
5162
6792
2601
4326
7374
8212
5071
2334
9198
2828
9779
9410
9974
78
3327
5662
5069
4691
1924
5297
6221
3488
5030
6419
890
5754
3881
1495
9136
2504
1251
3239
4300
1772
4555
8443
3291
6865
5248
163
6676
834
3306
2967
8277
6309
7316
3359
573
5988
4880
6761
4586
1673
7700
4357
6631
6246
3424
8063
919
4068
2572
5553
3038
4024
3658
6621
4402
394
8981
587
7923
2580
8382
9540
7269
4491
6142
3747
7332
7327
9170
3956
2894
8884
2156
4641
4256
2595
5221
5075
839
2446
3064
2398
5753
9692
1511
1435
6828
4960
9173
7386
9060
9212
6827
9215
8425
169
4225
3183
1973
7621
8749
9203
6516
1886
8463
9628
825
2839
471
8618
6056
3536
9453
3080
9229
9237
3385
2647
3802
208
3907
8802
3934
7611
6425
6899
3375
6653
4208
5505
1645
7309
4503
8992
1346
9443
8988
3349
8772
43
1448
3743
3441
8738
2666
7485
9800
1094
6951
1247
3869
1712
9977
1700
2158
6431
6769
4054
5304
7792
340
7929
1980
2753
2227
861
8316
6866
514
3863
85
5774
4166
9857
640
8626
3037
9814
551
7235
4282
2286
7642
578
8099
8139
4223
2392
3392
1268
3545
6511
3447
865
3731
8966
2179
4227
5673
8124
9063
1906
3421
5059
4303
7405
6700
4365
7617
6688
5032
8376
3035
8793
1962
1428
1389
1140
1241
8243
5624
9652
4163
1648
8033
503
1836
5431
7822
4013
7408
8417
4260
5188
6884
3364
8531
6490
5392
3337
8242
4019
9996
3079
1078
60
1969
9014
8602
7744
9297
1510
2263
4531
2643
6871
531
7034
6726
6153
5058
509
7097
1066
8129
2765
5593
318
1647
4564
793
9050
9343
8448
3690
8299
1569
7878
6155
4842
4944
2317
6003
8742
2792
9631
4540
1142
1670
7056
1847
1725
950
4932
3227
8202
7084
9322
5121
1506
5911
5406
4188
8112
3675
1283
2835
7155
461
8276
1995
1175
4590
1704
5822
6297
3748
3273
2488
5700
8796
6880
8169
255
6096
6681
1017
5391
3961
925
2581
9837
8927
4776
4557
8455
5464
7982
2132
6589
2543
8805
4593
2438
4314
9142
2882
9234
2077
2001
7690
760
1986
4709
4749
2824
5820
1093
805
4881
6123
9685
3030
9225
2921
1058
3031
4124
50
1814
3024
8892
5193
4396
4966
2148
5720
5723
354
1735
5833
2168
597
6427
567
2385
8226
3539
2688
485
2972
5640
3785
7805
9131
7273
7289
5444
8491
7245
4543
1279
7358
1210
737
693
8037
4203
6568
9121
619
2055
8262
356
956
9144
7520
7536
5146
5569
2717
2655
6956
9830
5887
3491
4170
1500
6061
1053
772
8559
6445
3962
361
5735
5542
943
3134
3852
4130
3999
555
4935
9197
5370
3977
4941
2294
9858
8358
939
7882
158
6566
6817
3877
2395
7997
8889
2035
6067
8563
7886
9245
5458
402
4173
4660
4692
9599
9512
1730
3254
1904
2324
9932
4037
3460
7873
2129
6480
7556
9809
616
8656
7082
6979
4673
9178
330
1627
5947
1165
6506
2800
8770
7376
7738
9040
4980
2798
5905
8488
2691
2169
8472
7482
5888
8249
2979
1257
2097
3875
8942
8377
9441
9649
9288
6578
80
4700
5899
8135
4803
8852
2608
4685
1786
4328
1194
8461
1097
1049
7445
4351
4428
1508
6436
3454
7298
9940
2582
7321
2007
8366
932
4034
917
3814
5493
4577
615
26
7480
739
5135
98
6392
2375
9274
5103
4405
7282
9232
724
7544
1540
2250
7698
5625
5383
3248
6514
4623
7532
3508
7221
1177
1545
4375
960
8702
7730
1745
714
2155
4844
7261
324
7710
7911
8178
6602
5448
6124
6512
5777
6957
1762
6389
9873
6478
1582
3072
8969
8149
9579
7836
8974
7895
5230
7310
5372
6812
8304
7147
1224
972
3973
9903
2106
7179
9122
795
2492
8171
4077
3593
9415
2862
5728
7072
1678
213
6338
942
8053
3005
5220
7662
6968
934
847
9204
8232
1857
1020
6837
6970
96
7078
176
1397
3333
9639
4000
9254
6157
957
4280
8152
9669
3103
2959
3553
4533
1856
5817
8371
8891
5099
2711
9137
2434
7371
4502
7451
513
5986
1444
7851
1781
4698
9721
9913
9471
9057
686
3780
845
2886
3607
6614
6094
9462
1925
467
4418
4768
2676
3918
2695
6430
6926
70
7071
9646
2632
9944
8681
6105
3173
6191
5447
6930
9898
3608
9179
3562
10
8661
5557
7088
6264
6134
9464
7326
7627
7113
3959
4779
3141
6325
4582
6518
5098
2681
7868
5884
7507
9641
5979
7684
2790
750
7443
6065
5418
1152
3039
7591
1112
4795
3501
7239
2048
2215
6122
7294
1137
6496
1926
7676
1122
5941
6713
1077
1376
3477
6776
3482
4572
8080
8247
7265
9461
6669
6637
7723
9651
7663
3799
2333
8238
2891
8700
6660
1565
1990
6816
1040
2964
3522
1034
2482
7841
4607
6029
1961
4097
2896
5310
3725
9792
8570
4614
6493
4828
4036
7059
8903
3676
9925
8111
3839
1473
7109
5647
6677
9618
9679
609
1889
527
7158
7433
4861
1116
6312
9826
9860
3300
5688
7871
4138
1838
4419
7081
7629
1248
779
5124
7688
64
5332
3142
7390
5339
6649
3992
664
7881
8062
5531
5163
8413
6874
9546
3238
6788
4446
4055
1246
8050
9273
5998
1332
4544
3267
5343
9392
9560
3745
5348
7566
423
966
726
3160
3043
2025
1386
6270
6864
1004
8603
3693
1006
7339
6889
4081
104
1777
4162
7016
1815
6742
2370
4275
3656
9700
6081
3100
199
8179
8310
344
4294
6925
7986
1141
6801
6269
6332
2611
3436
570
59
6679
1513
3422
3010
4177
9678
3742
9823
9918
8958
3166
1724
4271
1593
2578
6406
8047
8234
221
3963
7021
7806
4597
1318
5626
2467
5724
8068
4946
8408
1587
9600
5936
8518
5199
6206
7501
5789
7616
1839
4386
7555
2390
3695
8398
6415
4820
9286
4562
1655
3581
6613
3557
3853
9481
303
7670
418
355
545
6108
7417
416
8347
5106
872
743
7196
6604
8049
5744
3065
271
2133
970
1055
5704
8608
9347
661
2278
2579
9676
4045
4042
635
1703
1557
5367
3598
9882
8753
3901
1201
2855
3933
5611
8267
2830
8587
4334
8535
6995
7526
4353
225
8407
5020
6489
967
4152
8390
4432
4824
3920
8067
2584
2154
2054
9341
8200
907
8387
613
2754
2454
258
8830
3169
2024
7224
7740
7438
9114
3182
2853
1851
4431
5438
1039
1331
2059
3856
2917
9832
4893
4196
8020
1521
4788
5751
9732
2276
211
858
2696
1769
4398
3009
6442
9643
715
9496
456
5410
7659
7965
1879
3772
97
7714
5577
8508
4048
3081
7917
6193
2448
7429
2283
7015
8467
7394
6384
5898
3158
9589
5415
287
9964
2384
4084
8133
2569
9395
4253
6000
8915
7238
3524
2615
7560
6213
358
9302
5949
15
4126
3013
8333
933
7469
882
2269
1720
8257
8586
6667
7407
2844
4957
3809
9331
3137
1200
9984
6041
4891
3801
5143
4212
266
3382
8923
8780
4144
5535
3732
5707
6432
3202
8501
1073
2076
6918
1189
8101
9549
5206
8590
42
5711
2185
2339
5758
431
7431
6273
1235
6498
3419
877
1261
3022
6879
1527
1953
7460
5842
4514
1064
8736
9697
419
7052
7776
9817
7749
8416
4373
4082
7862
9240
9239
9718
2677
8855
9897
1528
8218
184
7334
3541
2661
4640
3408
5422
7067
8528
3909
4340
1768
1570
6728
5862
8843
7877
8317
8199
2282
1256
264
9794
3653
1708
5253
2589
1654
4461
3638
9048
4430
8042
2925
6959
6595
3808
3713
3374
1600
580
1380
4337
6453
1443
3976
2506
897
8198
8888
1108
2770
5951
1089
8883
1218
1883
8456
6582
2252
2371
9120
2923
9427
8937
3985
3462
3776
1750
1024
8418
9168
9034
7912
6130
5209
470
3128
2594
2747
9442
9451
4316
8391
1643
6892
1025
7522
1999
7174
6826
7575
6975
489
3966
3147
5770
6697
8598
4596
7780
9147
1104
817
7712
7643
6249
3620
9619
234
8712
4392
2505
6759
873
9367
9009
2618
486
3164
6898
7458
8798
9386
6687
4516
9660
7711
718
7818
2086
5025
6210
1718
3948
2044
4937
3049
5200
9645
2513
9209
9775
620
9413
8216
4018
2052
8925
7165
6164
3889
5606
7528
5333
3988
2331
5810
8628
8194
2135
4853
383
7246
277
7831
1746
642
6097
2718
2300
1983
6785
4287
5850
6528
5040
1402
9573
4078
4511
6125
1357
7769
9075
4438
7343
2494
6891
4215
6423
6919
332
68
7861
5968
3669
1226
9622
605
1829
3033
5063
1215
4187
3993
6579
1132
9943
1820
2469
7490
249
4236
5766
7975
3519
5273
360
3706
910
8214
9576
6008
7608
2769
5814
8682
7879
727
3550
9728
9994
7678
7103
6526
4576
6683
8998
6007
2610
2114
4496
5293
3810
6171
1690
370
1188
6627
7628
1835
6706
7468
4218
8767
3883
17
495
3179
5960
8607
5691
3873
8913
904
6317
366
5483
1489
4216
6235
736
7599
3124
2942
5651
3914
8389
5644
6179
7523
7412
5009
5294
2687
8769
2429
9911
4040
5228
7133
5567
7946
6839
6212
6452
9626
5425
6593
4683
39
3186
3443
6821
193
3283
5455
6079
5828
5517
4619
8415
2082
1509
2399
638
4984
7834
801
2523
6691
3740
799
2674
7731
2783
1669
8827
2880
1458
6316
963
7268
2534
4918
3784
7215
8816
3360
7484
8458
5883
2254
2367
3047
4915
3594
1753
3146
6673
4087
7533
3074
5572
1662
1296
7994
1947
9509
1153
644
4104
1418
2234
5563
2314
1923
3661
6165
529
8870
2642
7952
7814
9411
8919
4705
4264
6562
6922
2609
436
6481
9146
6675
2775
9242
3060
6337
2764
9574
375
624
8955
2012
6992
1171
8022
519
3533
863
4892
8289
5875
9956
4605
9458
9866
9941
1345
3884
4571
7167
3903
124
195
2993
9312
3566
1012
464
3823
7739
6223
7121
3453
77
5506
7293
342
7232
7144
6329
1782
5317
6745
891
2226
1625
7681
5731
8324
9216
8428
5769
8275
3113
3096
3034
3573
8057
6394
243
6265
4376
8740
5498
6448
4167
9134
1228
9118
4603
6444
4843
6971
2403
22
3577
4835
1913
2664
279
9888
2932
7106
5807
8993
678
7977
1394
4656
8173
1651
2838
8266
6554
5229
6976
4948
6208
4994
9397
2200
5278
4433
1100
2249
1828
11
5603
6877
5959
1410
8719
3290
1850
1487
2186
6232
1771
800
6910
4978
4909
712
8502
759
5176
3937
9494
5709
9738
3939
4290
47
4090
8399
9359
1145
7475
8222
122
6336
2669
4352
1726
3597
1086
2362
8862
6128
5952
2323
738
5627
1841
7622
8593
9280
2034
434
6548
3363
6584
8221
6248
6403
7921
2073
8414
3456
6902
5352
5093
1563
8237
5496
9502
9486
8150
1285
6468
8410
4258
4986
9139
367
5556
7554
8945
3027
5787
1709
4500
8880
2407
9870
1575
4333
3070
1052
6903
2536
1084
5579
5972
3604
7742
7561
9156
9686
2538
9467
3188
8291
7124
1356
3684
3063
5412
7943
8130
5997
8815
7311
9765
9802
3637
9263
6714
9285
6882
9687
2975
3145
2304
7187
1451
6404
7236
2381
6609
6778
1320
3144
228
941
1482
1466
2480
5017
9675
1739
5051
3432
5819
9079
8394
4323
2344
7771
3659
2262
815
4742
2730
9390
1903
2588
9854
9485
1202
4536
2795
6929
9990
7117
2995
7094
2763
7450
1436
6111
9058
1337
2444
3692
6876
8013
7726
4748
6720
7011
2420
4205
3344
428
2874
7112
6856
3396
5476
297
8808
4510
4354
7031
1559
7748
5738
6973
1740
2810
116
6131
5946
6599
9424
9426
2364
8630
7550
987
8556
3105
9831
7302
5117
2737
5129
7709
1810
5403
5089
2704
7760
5674
8027
7203
4989
5885
8527
8343
6575
3346
7305
1865
6927
4625
7706
433
6098
6991
3708
9836
3000
3159
5973
6178
1898
8357
6705
250
5419
2238
8436
9673
4182
4546
3644
818
8469
5717
9514
8707
5219
7902
4671
3503
2671
5538
8551
9934
864
1964
9740
369
3834
4695
6594
2056
8729
6531
6545
5916
6787
8118
6475
5234
2926
3683
8683
2468
4001
8836
474
791
313
812
1221
2378
7958
5043
7182
9856
504
8715
4789
7578
1083
6670
8973
2256
7846
4338
8896
3700
7753
3710
3922
6093
5963
7933
8850
7998
3655
5718
4923
770
8076
5155
5942
5530
8872
4561
2910
8967
1127
2987
6620
7255
7206
5815
1330
9505
412
1943
2489
2527
5201
4406
3924
447
2935
5714
5285
19
6767
7775
1519
3455
757
6909
6434
6170
6842
6204
8490
1585
1935
5360
9152
8585
2098
9145
9596
4865
2427
1396
4668
7791
649
8633
9847
9488
6463
6234
9709
4767
3266
4332
8100
9844
9129
9235
9825
6948
337
2496
5186
335
156
3715
6921
1634
2630
3054
7884
1484
9019
1785
9004
7159
7223
7955
8311
2147
3623
9769
1446
3750
6950
6418
9321
1942
747
3526
3057
3486
3231
1182
3125
6796
1667
5706
2075
9217
7901
5835
8588
4639
3075
3452
9220
6017
1371
9298
3806
4716
3433
5318
3640
9493
6825
674
879
1664
7900
8757
5443
6564
936
844
706
4143
4860
162
6845
7614
4228
4466
6292
5520
5515
2134
522
4050
1361
6091
5302
6804
1638
2690
6195
3162
9447
7813
3841
2279
6466
177
5469
3886
7137
2292
9378
6167
2885
7699
741
8040
6268
8480
4752
4460
4391
5834
2127
9194
3991
6844
7230
7049
1966
7151
1752
2224
3796
8445
5034
4654
3190
6163
9703
2567
8857
1909
7539
237
6509
9499
8441
9479
2244
1827
2713
2999
1774
3882
6485
2868
4945
778
1340
4744
9750
9010
4872
3691
7020
6539
3181
7217
5239
7150
6972
1743
2648
34
3373
6841
9247
5260
2178
9433
1038
7654
4652
1359
7351
7370
8996
2315
217
3285
1566
6460
6069
5776
681
2825
3018
7225
2779
5788
5950
3817
3749
427
8281
2335
1149
8601
1529
6280
51
3042
8012
3135
9982
3682
9160
6928
7028
7764
5114
1447
782
8840
754
4863
9311
4456
8558
5215
8360
8346
888
582
5670
7148
5341
115
6102
6043
4556
3827
1816
6717
9815
8886
6302
5578
9867
1859
7755
1522
5866
5474
4440
926
6333
4953
9698
4686
9056
7315
2638
4200
2767
6243
6763
2946
8429
6780
314
3138
3120
5336
9605
8241
4183
7125
4457
1592
5803
2782
9294
694
6388
2530
108
4687
7800
7716
7415
1807
713
8315
9374
3931
6853
5555
2123
908
9591
4883
3678
6461
1242
9846
5039
6488
7319
4023
2045
2641
1284
1665
9001
4794
9827
7459
7648
6390
8300
5679
2520
9375
2062
8711
1465
4489
5763
5233
2015
6671
296
8010
288
1399
8768
3565
1676
5826
9586
1590
8296
5894
477
173
6754
1271
24
9049
9091
924
1123
2358
1292
4713
5510
5263
2008
5591
8284
7353
4071
7590
1562
9149
4306
1237
5450
4224
9270
2441
1316
9448
8617
6279
762
9896
2960
4970
2230
6715
4201
8497
1538
7344
5321
3355
5388
92
2930
3106
6912
7470
1028
4317
3908
4070
4364
5981
7250
3372
626
5435
6401
7915
6723
2380
1946
854
6953
2541
5324
3020
2138
937
1911
1411
7707
4943
3864
4193
841
3585
4230
8625
7845
8388
3059
1080
322
183
885
1934
6032
6504
7091
4766
1434
9602
7212
9681
7452
840
5863
6574
5994
6084
3247
523
6491
6459
7154
5031
3510
9561
1958
9778
1918
5880
9482
4174
4580
991
3935
3600
4165
2021
1767
8019
4933
4484
4250
3252
8968
9200
9773
6283
7328
7785
2396
205
7695
7511
618
3315
4882
1354
3028
785
4171
5961
2702
2715
4677
6224
4836
997
8553
3830
8454
6798
5358
1120
1803
1789
3388
8011
9002
7486
1092
5170
2457
7380
2361
3894
8279
4459
5291
6100
9102
6076
2212
1370
7240
6190
4538
9957
4293
3245
2466
2576
8898
5126
6340
1869
3237
6411
680
9710
4362
6103
9811
8592
1668
4207
3316
7296
8336
9840
7510
334
2958
4301
1955
7666
4189
8109
651
5060
7562
6051
5160
8989
3084
3235
5148
1868
8986
1866
3288
4630
543
7364
8499
1610
8004
9506
8484
542
1763
1111
4873
5594
3264
4487
1806
1297
8751
5005
5394
3143
9981
8814
7897
1686
728
4347
617
2094
683
887
8367
2712
9862
7128
2758
6272
8364
7635
6612
3906
3326
9950
6422
3476
7754
9733
8252
2369
3458
3068
6581
2849
1323
8015
7303
6099
1134
6731
6810
5053
9585
3902
2701
4947
1685
4279
8031
5503
4388
1541
6914
9958
3670
5398
851
8771
3062
133
1461
996
2556
7129
8763
9952
2465
6109
7935
1293
4940
7534
8419
1843
6532
9055
4447
7110
7605
5249
8207
5983
7153
2083
8826
9525
9162
892
4101
3862
6997
5283
4856
9028
6510
1699
1059
9158
9191
9407
1894
9725
3467
2184
2936
5760
462
1826
7970
3098
9789
1313
8529
2928
9578
9797
1
5668
9224
8283
2675
940
4217
2202
8159
1887
4674
2424
8153
345
4720
4539
8971
2807
292
5612
1167
4757
1790
7
4621
123
1135
5592
7487
5824
25
6955
2654
549
569
9839
8166
8422
2670
5648
528
4998
8651
7381
5250
7513
8936
8544
6541
5264
9528
3077
591
6987
3602
1994
6486
5719
3278
3165
4213
9310
6963
450
4879
5614
417
4631
2840
5534
5561
7234
4712
4498
6741
9342
9222
37
4801
6695
7000
5975
9598
3228
4532
2303
536
2366
5607
2102
9717
5906
8766
7571
1129
7981
350
2217
3798
9361
1696
3438
959
2485
8509
2603
363
7030
7506
5485
218
3762
9283
4089
6366
7596
1733
9383
6958
5094
3538
4367
7219
9804
4859
7430
9376
6378
3520
9314
4769
9644
6194
3066
5272
1842
9929
2100
8709
3317
4999
7421
6464
8758
2428
1546
8980
6615
9745
1101
7355
4269
961
5740
8095
333
646
401
4949
2786
4204
1273
6547
5636
8865
452
2196
5033
3493
4394
8331
5661
9630
723
7667
7734
6560
2219
5174
8684
7313
3473
630
2422
7687
9435
1776
2537
3773
8186
4759
5499
8726
5158
3275
905
6352
8230
86
3464
8639
2060
7195
9047
3874
9968
3910
7733
7001
7378
927
8902
8609
2697
6288
312
2013
660
311
132
2497
7799
5042
5631
2221
721
6324
7455
8048
6487
2119
7606
2404
5271
3297
2031
3310
7790
9369
6756
8910
9593
2890
870
7350
3223
1351
9243
3746
3876
3461
1184
9668
4064
8828
6735
9665
3860
9093
2804
6538
7713
1818
537
6261
270
5105
2409
7587
4241
7120
9425
2510
4114
3759
2977
521
4176
548
1621
1406
7849
429
590
8119
310
5109
1583
3112
6158
4964
9017
7973
3076
5533
4800
3214
1773
6658
9597
1325
94
6494
9910
8176
38
5604
3735
5169
1212
3149
216
8643
8261
6348
5254
6151
3322
8654
9517
7665
2734
7762
9253
89
65
6188
2562
6471
4554
2563
6655
5683
2941
2633
1384
315
9256
1486
1652
4875
4031
5857
9166
4507
869
1404
1863
3386
3274
5783
6467
540
6805
7961
1976
9655
2327
2287
7039
8406
1618
7903
9398
7247
796
7692
6092
1693
720
4355
9
5397
8911
7283
3989
6917
4982
5330
6807
7870
6689
3484
2544
9735
8460
8790
5359
7086
6570
9226
553
6596
8036
5274
4971
4059
2481
3651
1407
4179
2748
7467
2124
8548
7789
7299
145
1485
7519
1416
3428
1441
3286
7317
8482
2000
1864
3298
988
8781
4976
8104
6862
6736
9326
9570
3872
9795
1087
1128
4006
6315
9754
2080
1412
9562
1728
4902
1968
5917
8151
607
1948
9683
4914
4829
14
8477
5079
3171
9238
8278
5404
440
769
8845
7583
8231
9186
4792
2732
1196
7024
9086
7893
2833
5252
2693
8165
9774
7457
9962
6383
8470
2803
978
9604
7765
9636
9005
2153
1858
4690
5954
2685
1632
3657
826
9495
9752
1186
3250
8312
7582
3949
7404
2065
8514
7271
8567
7797
867
233
3448
3825
8193
135
343
4226
3490
1960
9454
5097
9953
5080
8107
2512
780
3172
238
9284
2486
2376
2299
7685
4838
3287
4718
1539
2852
621
8201
1124
2198
8362
6090
4849
9360
2716
2188
5022
7062
4076
5147
2245
2041
3649
5848
7320
5995
6875
7812
9078
5522
9096
8921
4003
6255
5306
6149
6218
8108
7050
1195
5790
9520
4106
5052
6053
5583
154
7426
5821
1721
5472
5755
4251
3592
6905
9729
2431
9659
592
2924
2919
7796
1933
4526
3412
6636
2709
4277
6250
1624
8077
7963
4825
9024
4753
444
4956
2585
758
8676
5932
219
7546
4065
1174
2724
4436
7953
7090
4608
3967
6938
6662
7768
1515
669
7735
9762
7410
8442
6943
804
1214
8114
8600
9287
8161
9064
5666
7356
8614
3431
1301
4390
5205
9524
3652
473
8229
2750
8788
4147
9125
8203
8475
7189
3312
49
1656
5102
6530
4706
281
9790
3911
8384
3514
1157
5494
7403
4688
6674
1452
6351
4349
807
336
803
6305
3086
6890
6070
2277
5338
3429
5953
1433
1760
2175
9816
6328
9404
2784
7939
8084
2363
2943
1312
5138
381
4494
8287
1679
2903
3511
4265
776
9161
6277
8650
539
1916
6414
160
1388
1445
1497
5111
7331
9741
9824
634
9446
5976
6954
8764
7449
5340
7568
2064
9409
7032
6033
3177
3023
6822
7916
4724
5002
5990
1798
3129
8839
8759
5366
2922
7715
8058
3618
8873
414
3544
4222
8851
7277
4809
8623
6139
4304
9737
3241
3575
8294
6228
9621
9894
8402
4926
5745
5622
6374
5226
8174
3979
9038
6751
2860
2705
2183
2548
6685
5243
692
7864
7181
8515
8831
155
7891
8462
8156
4382
6888
3294
8329
7481
3764
7389
9328
4004
7439
6441
2904
1288
9356
9711
4132
806
2240
9820
7783
952
9475
8002
5086
2909
3339
5115
3930
2374
3579
7145
1930
6895
2802
6996
8647
6617
4818
2128
2879
5656
7101
7577
9764
2040
5119
5181
1424
4302
4728
1860
6027
7300
3635
1584
4920
7763
811
2549
4667
4642
5456
8810
2558
7476
6398
1115
1993
4414
5554
4826
7281
7647
8444
8708
7598
4830
4787
6572
6920
9724
7826
8073
6291
1161
8213
1468
3365
6110
2801
7291
5654
5695
4513
7995
7267
1391
1199
4015
3256
3185
3953
6824
2920
9965
5528
7646
3631
4773
8547
9889
7479
8345
6062
2028
8314
4871
6399
689
8569
8534
2084
9130
2280
7073
1876
8797
9926
6154
2744
3234
7044
1971
6969
5547
4565
3617
121
5657
2659
6205
3212
6152
2478
6873
2029
3303
5267
3554
3213
871
9865
1147
6095
4199
5298
5696
4409
9077
4821
9223
2963
6107
7292
9334
4079
9612
5386
5678
3888
99
8669
2869
4985
1952
9030
4689
3489
6362
9092
6533
2354
6295
7186
1173
3955
9853
5268
5325
3219
4420
8720
5827
6159
8906
8465
7063
1572
8722
2986
1800
6276
8704
7896
498
1298
6698
4359
2377
9150
1295
9140
1156
3528
1159
8806
2752
8952
5903
7023
2222
5633
9807
6768
5468
8624
2421
8088
6386
6628
5974
6447
2785
197
175
6527
5308
5716
6077
9884
9760
8928
1056
7218
3703
252
9233
5224
9472
5767
5149
8916
3131
7280
240
7406
1878
3099
1146
3497
496
8126
6639
6020
2778
7824
2821
6450
1716
9388
3017
6311
1102
7798
9085
1048
9829
9662
1978
9192
5585
8660
2297
8794
7279
2231
5187
9018
2461
23
5238
9928
8591
5038
9015
4599
6941
8474
3634
5217
4740
8963
7736
5516
5502
1280
2957
9955
5762
777
8117
6738
1502
2900
8350
3085
5509
6994
1150
5823
8931
2203
4307
397
1018
2152
1230
6936
7960
9406
8940
8137
140
5375
9945
4495
6663
9637
3921
9935
5387
8671
1075
130
7686
7505
7362
1460
3835
6719
9292
2789
3724
7920
5944
3630
6605
819
5061
5326
9278
7010
1281
7956
2423
3504
8355
2063
7593
4175
3727
3619
4588
7569
8468
5869
273
9473
8525
6334
923
4039
1884
3167
2614
4313
4524
5703
5587
903
6393
1151
6192
5006
3572
8976
3559
4847
316
6369
6672
497
1663
2616
8197
1561
1372
151
3123
7393
1915
4841
3445
6395
9995
3199
652
2305
5536
6945
120
4254
44
5845
3494
8453
4541
9391
8092
1358
1348
4471
1490
3711
5623
5168
382
1065
8789
541
5921
6117
2962
846
2645
5868
2739
3818
9613
6743
4100
8871
2291
2740
6451
413
6870
4612
3260
8932
5010
1775
9907
4091
8071
5784
6074
4192
6101
9032
6760
3095
8239
1204
6310
3589
8904
8540
7563
7197
5374
3610
5110
8560
4504
4591
3599
4609
8941
7979
7041
4530
2867
2570
9793
7850
9584
9629
7420
5074
2408
3878
2225
9052
1289
8549
6118
2022
7398
7414
8999
3136
8760
8801
5299
9539
1419
5641
2151
5084
2150
399
6588
7985
781
6611
6718
5729
9601
6632
3782
6230
6569
3627
6286
1310
8052
7930
478
8652
5575
1499
6619
2090
3792
9647
8854
1250
4912
109
7314
1902
2540
5018
3415
9154
409
319
5806
7804
1819
457
8644
6424
3006
3549
763
9671
6893
6359
1414
178
2723
1959
9988
7373
2290
4455
3036
722
6137
5427
2861
4845
8744
8584
9400
8373
5891
3271
3515
91
7409
4509
790
136
3755
729
2553
4181
2859
7673
9914
3525
8215
1756
701
8264
1609
7220
5570
7042
6465
6018
4610
5991
386
8369
6699
3351
9767
8550
8545
227
1605
9021
9013
5793
3590
5576
3587
2443
599
7432
5482
9169
5
484
3689
735
2649
1136
8489
7518
2759
1010
1160
6068
148
9777
7388
9623
7922
1420
1472
3379
5980
2634
4622
9901
631
1187
1023
7306
3717
8901
411
8309
1169
7198
2956
7904
7538
7668
7069
2088
6226
5133
7111
4711
2929
7543
9706
5389
9371
1891
748
2439
6646
6607
2157
5838
9603
1474
5708
5356
5428
4549
5036
9688
7202
6966
8225
2104
8620
4478
751
3986
6400
8181
7674
5139
9439
1349
3517
2342
2391
2940
4135
8679
3293
5837
3097
2725
2728
5519
5165
308
6633
4675
8228
8674
84
4061
979
9900
716
8147
5067
1723
2593
4377
7347
9333
138
9039
1233
1705
755
5400
1867
3295
2811
7702
6872
4284
9062
8342
5523
9088
6565
6499
831
977
4238
275
9020
7947
9261
359
9726
4518
8713
9705
8930
2499
8318
8106
969
2313
8782
8341
4634
29
8144
1805
3705
6313
5945
6652
298
1106
9567
1797
1713
4846
3203
2969
5925
9117
8935
1139
1255
8997
4178
1206
6515
9459
27
1088
6508
1547
8562
1016
2667
1683
8604
6455
5107
7638
5269
3114
396
4270
4570
2204
4117
8807
2445
9353
2167
5256
3844
648
5347
207
2814
7558
1701
3029
347
7653
5927
2019
1687
5426
242
112
3923
6078
7483
3272
327
6140
2194
437
2235
56
5681
7766
8706
8824
6786
9489
5854
4221
8254
194
1385
2636
928
2706
6503
8041
3122
5027
7844
2136
9887
5364
4884
3102
9456
8244
7444
8217
4096
1270
9059
3726
6339
3781
5809
8055
3820
3116
8823
563
73
7639
7610
7980
1217
2406
8670
6161
6986
628
4958
3564
1779
8849
8953
3354
8280
2736
1759
9701
7551
2640
5978
830
4917
4395
3667
8439
1633
9930
5970
9664
5497
7466
1333
562
6551
4669
4680
3004
3140
6782
6024
662
6345
6002
1347
6811
853
9188
7419
792
4515
3198
8361
5235
9727
9863
9518
6523
8978
3281
1105
3833
5937
7976
4638
4118
4995
668
3737
2631
1405
4506
5296
1408
8044
9011
4975
2309
2351
7141
3916
3244
2720
9557
8934
4219
141
1737
7337
2143
5764
6036
1751
3626
8393
8637
6231
3694
7549
2745
5262
4566
5675
3224
8431
3251
698
348
5202
9116
9971
9313
2023
81
7652
7284
9065
2081
2529
16
9295
8658
8233
9105
3983
6266
9422
3702
9207
8687
4645
3002
1970
6156
5247
7529
1197
7504
4934
1303
5759
480
3325
9620
4855
4022
4961
1007
6019
8134
3413
1787
2834
9155
6643
1811
7537
9788
9490
1710
9768
8703
5351
5225
6342
3053
8356
269
2144
2831
5371
3265
1861
5337
5478
4780
9548
1334
3596
7127
224
4731
3633
4501
2700
4007
1770
8665
159
4653
3636
546
2050
789
5574
9608
9309
7003
9163
5618
1190
1517
6189
3821
9554
1780
2382
8255
8844
3899
9027
8574
886
2113
1985
9352
1928
2519
2049
1245
8007
585
2146
7875
8800
7456
3815
9358
1714
4646
7718
4038
9115
1457
6883
4437
7472
1032
4051
5363
9588
9268
6060
2449
5889
7360
448
4047
5000
6629
5897
1252
8493
5303
5007
3468
2913
6832
7594
8083
2955
8075
466
8939
3457
5191
2535
9640
742
230
6638
7966
3729
8875
5408
4403
4993
7524
9389
8725
2823
1937
8423
3990
2652
1899
6806
1417
4342
9251
3723
1824
5736
283
1518
1413
2966
5113
4411
9208
3615
5872
7774
5016
8032
3774
6253
9969
9042
8543
4649
1920
8960
6240
3892
7008
4598
4297
3092
5123
8492
8016
7509
6708
125
836
6380
7301
2733
8132
3269
4890
5638
9713
8861
8573
5460
191
6141
3487
6476
1365
4172
1854
1573
4043
7691
4833
5416
424
1209
1263
7860
5671
2002
4585
5743
7689
6867
1987
4857
346
5608
9939
9635
5551
9031
188
946
7146
883
3289
3730
8503
384
2205
3151
5798
7585
9904
1014
2760
2954
1505
8349
5178
8340
1576
6587
7948
6211
9916
6285
2927
5858
5445
1350
810
857
5801
1051
9190
2116
8327
8379
4699
4191
9477
2897
7085
7570
209
3819
3045
6985
6830
1125
8432
820
3472
8081
7478
7793
4319
3180
1571
468
8064
3109
2174
3279
1874
5393
9527
8435
2731
4851
3353
4676
6072
4831
1236
7880
8021
7927
833
376
8991
2265
4840
5518
4318
5284
4919
1096
9051
3648
2057
802
7925
2598
7553
7782
1525
4321
6734
5722
3051
8962
5630
282
7379
2475
8370
9074
6408
4886
3912
8747
3975
2607
5912
9845
8507
7604
4137
5459
2464
639
9029
421
9503
2142
3121
7876
1294
7361
479
4075
5836
1401
1504
280
20
3840
4568
7183
4710
1011
6215
8520
2046
259
7809
8678
1589
1262
4763
4467
8154
5182
2915
3394
8059
687
1013
254
2312
3466
1984
5665
6749
6082
1095
5882
4651
1456
6341
9305
9319
9346
3588
4967
5865
1784
10000
2729
1099
4113
8951
8724
3217
7672
4074
829
1957
6446
657
1229
5462
7910
809
4647
7005
1939
2679
341
3156
9420
7758
912
998
2796
9970
3370
3367
6522
1355
4616
2433
5227
7249
9468
5145
1607
4620
7157
6356
7083
7323
1588
8581
3851
4441
4813
7061
1498
6331
8622
2826
3845
8949
8220
4508
9553
2806
4987
4679
415
3395
4889
4869
4542
285
8014
643
1335
229
48
5525
8779
9834
2416
9070
2863
9972
4094
8733
7999
3788
6039
8619
8459
1070
6429
5490
5652
8172
9657
4786
2368
3416
4435
245
7770
3603
2990
5663
5401
4877
5734
8728
2353
6037
5171
3175
6543
9133
3292
8395
5664
9449
9917
4979
2551
2787
2197
7325
852
7909
3340
6730
1831
6666
3341
8060
6495
1881
2401
6616
6502
992
3420
6361
8672
5852
4401
625
5895
5741
4931
5779
1282
8195
1126
2345
4012
4885
5244
699
4069
4579
1977
2228
645
8983
1047
5156
4563
1275
1090
7658
2117
63
1574
5581
2583
8401
5514
4663
58
2703
9438
8561
3642
263
3418
6257
6773
6116
2281
2522
7802
2888
8334
7634
2161
3556
5353
7308
3369
8164
2089
8025
4421
7751
1747
3964
5811
9315
9474
704
8157
4062
2495
7968
3646
3305
9878
7989
4988
4702
8642
7821
3865
4281
5586
4850
3679
1742
2079
7581
1804
1037
9949
5750
2808
4682
12
5441
9176
5989
954
7962
9323
9656
110
614
764
6598
2336
2036
8504
1932
6417
7442
4613
3119
9073
8653
7367
8616
430
2293
6814
4416
506
1938
5699
5600
2545
1322
9550
1979
9624
1192
1076
6462
3356
2236
8699
8256
9164
6144
9693
1302
898
6781
7027
5772
1534
8265
4309
4453
6567
331
2905
8833
822
4747
1586
5650
5152
481
5669
8526
5026
8481
557
3221
673
6150
6247
5879
5479
1507
6982
3111
3734
6946
9786
787
2561
2393
8180
2743
8421
3321
5948
8146
2777
5420
5562
5615
5378
2145
4644
1907
7552
9123
6537
1613
5971
2884
5813
2267
6259
8273
7631
8961
3442
4066
6934
9507
7633
7363
6600
389
3790
222
8029
3192
3847
4973
6861
1307
2899
612
1660
5909
5044
6073
2005
5328
7623
3449
2788
6940
5144
4903
3516
899
8506
3771
7869
1172
4464
290
6923
4797
231
4197
4169
6709
2994
9606
2264
2902
6846
3259
6454
6777
7248
6795
5439
7987
3609
7258
1802
7936
7231
8727
2067
9748
3944
5050
2877
1315
4444
435
8486
438
8184
6064
7940
6641
9206
9213
3307
8765
9766
3056
8096
9771
9638
7811
1579
1185
472
4785
4451
5886
1381
2794
5966
8143
9276
6014
5087
9349
7192
7756
3868
5072
9211
5292
6181
8689
733
4602
4274
2018
6004
838
931
1594
3535
9998
2120
1614
4808
126
622
5057
4629
2714
5589
2597
9881
7984
1240
6525
6050
916
4184
4589
2072
1707
1239
7788
2047
9219
5130
7142
1042
6813
823
9933
2462
8899
876
859
4028
1677
7400
9271
8125
4237
7004
1041
5179
7644
377
5692
5659
3616
1501
2938
4870
4852
911
671
2207
9877
530
1991
7425
1431
6815
1808
8640
5159
6387
9429
2916
9330
9927
7132
3205
8286
5752
1117
2477
1306
2177
8572
881
3088
9708
2319
5943
2694
3797
5642
3197
3133
7188
9109
2285
7401
5136
7696
8337
8755
7906
9325
325
4805
2130
66
1044
3082
1870
8546
4756
6258
9476
3954
7178
9739
1442
5376
5617
7434
7243
4834
7324
4469
2163
875
6402
604
8957
9066
9487
3470
3766
9924
5812
7290
749
3233
3210
6665
9348
9370
8804
4618
5747
2209
4072
6783
1387
1021
71
3997
1694
4146
2818
3311
995
1825
5021
7759
989
4906
8774
8649
7402
5213
57
3376
3304
2316
7745
5964
9061
8657
7068
5454
1133
7527
696
164
7601
3950
7586
1608
7053
1290
1238
223
7613
6346
914
1717
262
2164
7019
4558
4161
8834
2532
3161
7661
198
6932
7477
6135
3672
62
695
2952
3751
8335
2118
4737
9822
5081
8322
7908
9951
8829
6937
8097
5629
1997
21
137
8946
3531
5727
1425
4666
4393
3361
6229
4044
7184
7348
338
7889
6145
4103
7675
7205
798
150
9580
8578
4894
1162
986
3400
1661
8352
5466
4550
9184
9463
2110
1736
6023
8516
9736
1002
2271
7565
7863
7737
6120
5746
3521
5008
9531
7905
9465
7297
460
3871
2172
9008
2893
6916
6344
1558
4008
4150
2258
2822
7843
5511
8908
9850
166
9875
3696
7171
309
8697
4927
9663
3040
2356
2491
6555
9521
3423
7057
5765
8085
5825
2206
8907
5172
4005
5590
1176
4583
9275
5216
666
4781
5153
3261
1754
4168
1450
7200
7074
565
2650
7858
3016
7295
9316
8155
2166
7100
4021
4110
1272
3358
6586
4694
4725
1061
4322
4331
476
3645
9707
2858
1657
6727
189
4664
5841
6405
3584
2660
3769
4145
4327
9541
8990
1219
5908
4105
710
3335
4211
299
4119
5309
3194
2555
5242
9864
993
2237
8821
74
6186
4190
8227
9534
4335
6860
8900
2176
2546
2951
6722
1341
3925
6618
2829
8965
4754
167
3014
8091
5913
2870
1715
204
9682
8741
7046
2658
4121
962
4085
9089
1314
5088
3150
9993
1611
2473
3115
9617
9324
8268
3427
9414
6381
6059
1015
7168
5558
813
7499
7104
2637
7671
4897
8866
7732
6160
7275
7838
5900
3249
7194
8026
5442
1535
2096
9712
6651
5132
783
7641
8732
6755
6438
7096
7208
2442
2766
3542
7680
4812
5279
3765
5544
2856
30
3643
3945
2820
8754
1514
4942
4635
256
379
6421
5116
9408
1629
7557
2248
4735
5958
8061
6239
4517
7516
6635
8977
6915
1304
3232
6519
9026
6789
5635
2058
1244
9634
3816
5532
2125
8541
2781
1378
7918
3332
4798
6143
8430
4231
8731
3058
3366
2511
4473
1599
8863
4053
6009
9354
3444
8812
6038
2848
8127
8539
4963
349
9320
9543
5437
2306
1398
2241
5413
9265
5996
2542
5477
5350
9989
117
5423
3938
5730
1164
5685
8511
5540
2998
6146
3932
9327
8405
9716
6702
6529
7312
1642
3101
4131
284
5571
2895
8680
9661
5781
9159
8074
9434
4762
7697
8113
4399
2490
8427
7949
4033
203
3891
7978
8500
3552
2587
7542
1462
2864
1300
3507
1319
4499
7341
6712
3314
6850
3498
3586
3480
3184
4153
6282
8030
9722
9491
293
6132
9303
8832
9022
4232
6482
2991
6214
2463
7853
3763
2383
9293
4758
6449
2425
3437
8365
5634
5104
1265
6965
3050
7607
8803
1211
6148
8809
1520
6835
3850
5395
4811
32
7488
8970
3323
1727
7913
4463
5686
5281
8610
9189
5701
7941
1542
9961
9890
4854
210
4312
7717
5236
3595
1366
8972
2180
6005
8348
2435
7102
7448
1481
8282
4129
6086
8403
4325
6906
7655
6075
9544
5265
7256
1882
7272
3836
2944
3222
8116
5335
1363
1681
6623
968
4016
4235
8323
6047
9861
1220
6320
8208
8710
1392
9610
9087
9373
9241
4782
2727
3558
6852
8400
5368
317
7859
9744
5342
6353
5874
1989
6472
5871
8893
2842
6800
8858
9848
1403
2656
6199
2326
3540
5915
1601
7441
1455
8206
6694
4777
4320
8009
5204
9228
7424
9336
5323
2939
3348
8065
7384
1030
3451
2232
5831
9937
1437
7855
9236
8209
8533
5434
2931
8447
9199
7252
425
4908
8328
2430
4095
5693
5923
6385
5748
6690
6088
294
3513
9266
7175
3861
5167
8521
9098
6281
4784
9810
9466
257
4267
3995
2628
9351
4545
2596
6363
7683
5667
6372
4408
2857
7640
6885
8451
3509
2889
1208
4490
8627
201
5300
1532
3154
2575
9891
4796
1595
5214
8813
8122
7722
7493
6624
3127
4380
9510
4234
3387
5539
2644
9590
6347
1379
9357
8103
6887
3174
6035
7164
8943
4397
9214
181
2843
1568
180
9594
7357
7489
1426
2751
8046
2612
3576
6944
1531
8621
4594
272
8330
5929
6439
2458
6550
577
4636
9262
8666
3859
4310
5467
1231
5140
2503
8918
6303
2413
4760
4111
7944
7228
7209
422
2619
1732
2149
9828
157
1706
1788
5739
6590
2708
1362
6196
1311
7162
6373
8645
6657
8034
5128
5771
1198
6290
8577
5151
2738
4363
6904
4867
4425
3284
2509
4772
2472
2332
9806
3471
1480
3324
9124
4876
5573
901
5702
1353
7161
3343
4726
4670
5918
3917
593
4575
1598
7447
7123
2103
874
61
3148
4344
2101
7828
9394
7318
1901
1266
119
1008
8082
5566
4525
1619
9165
2934
7033
7619
4992
8530
3605
7564
4141
1031
1927
6949
1001
5818
9126
7651
3943
7051
4257
9282
4816
9083
6121
226
670
894
9967
8363
7724
1029
1581
5082
7928
3849
9148
9307
5190
5049
6407
5481
700
667
7787
6762
5354
7664
6263
9730
5055
239
7626
3804
8210
3253
3299
3971
6993
5255
8867
5011
4088
8354
4817
4866
4336
7288
9696
1119
8659
2273
5649
4125
8351
1471
4151
1612
9094
7160
1738
2099
4527
6501
3970
4058
4969
3078
6838
4263
8686
641
4775
5452
2501
7829
3469
5046
6840
8145
2033
7679
1852
8635
842
4343
6010
8023
9329
4381
9852
445
9874
1591
1945
8368
4535
6083
3499
8495
6886
4604
6974
7746
9258
4387
2419
4073
3926
9538
3485
4922
5470
5780
7567
4247
8579
6794
2411
4465
8714
9535
6176
291
9537
746
142
7650
518
3867
95
1036
1278
944
4248
2525
4648
6561
9387
6654
6308
6693
4492
7656
5142
5676
9954
4339
53
1074
8000
3857
9304
8188
4025
8995
5851
5414
6513
4505
3807
6775
442
4761
8701
9151
6725
8568
9872
1081
1956
9672
4214
9110
6296
4736
4206
7009
2216
4848
187
6686
2791
2635
8777
9082
9931
981
5346
3803
6540
3090
6370
9915
6770
7807
9157
5957
8483
4268
7226
1552
8555
6752
3601
3761
4901
5632
7595
6175
4283
9104
8524
2043
8613
9566
9529
9500
7719
3383
3624
4220
7346
3240
1871
8612
267
3206
828
8141
568
9821
5399
4296
9350
139
5379
4898
129
182
2937
6058
2498
1954
921
3226
5613
7385
31
8094
5881
8542
8580
6174
7924
6011
7080
5062
4479
3338
2883
9377
4482
8496
8086
3987
9299
3001
3434
8746
4512
8929
3753
6435
1675
6606
46
5164
4696
1795
2417
740
9997
2340
6484
5513
9401
8131
4154
788
6299
2450
1286
3890
9385
561
880
8121
1336
7993
8424
2564
9906
6791
5276
824
6732
9143
4804
1022
994
3393
6375
9072
246
2832
5967
1375
3318
734
6013
990
4140
6044
5870
268
6127
4745
4714
6585
6021
8667
9193
8537
8464
7060
4678
7233
1783
1711
2797
3828
4369
8606
3132
7847
6505
4372
4449
4116
6238
5677
7779
2918
2815
3941
6104
9571
5527
3665
3946
4899
9921
4198
3567
3089
6458
2311
7728
5548
982
2948
6183
9045
4209
8694
5327
5014
2107
7210
2191
7937
1109
9099
1698
8723
371
3319
4329
6349
7972
5993
114
2247
8646
4810
1731
1328
4657
9801
8792
1917
1382
6397
9428
6379
3639
5421
594
1896
4249
3377
1168
878
1352
111
9366
9230
1374
6106
4157
7926
9841
3787
2389
572
9100
7054
196
8897
5382
3236
4255
9522
3243
3895
5480
2565
7047
8655
2451
8629
505
655
9107
9923
5910
7177
4672
1269
6030
7465
7002
4584
4262
5805
5047
5985
1877
4911
5732
7541
2493
5056
408
8404
1809
8308
1027
8024
3887
4548
6823
5984
4732
8307
9879
9196
6549
1682
1567
3998
4285
7815
8182
3126
6197
7422
3674
5655
6227
5270
8485
7637
9041
9747
6222
4098
7368
5154
5208
2193
1812
5616
1975
8846
8372
5409
5365
3384
8204
7767
103
3200
5796
5015
4793
6750
6
9384
8170
6330
6961
8605
7026
7559
5843
6764
3410
2875
6998
7657
8532
7825
1493
8761
2181
2195
3744
4578
8035
3885
4450
278
4261
501
4083
101
8054
2016
9719
1267
5922
261
2042
4413
6469
7263
6896
3512
4108
8914
9611
8196
7515
1277
90
1963
6028
8822
4802
5855
850
8498
5203
2908
4136
893
1849
4924
4292
4864
9108
4415
3450
7649
2242
67
7199
9269
5295
922
6321
2038
9699
1478
83
7365
4156
1163
4480
837
2627
3463
7396
7259
3104
8102
1949
2622
9551
6085
7066
6301
4462
2325
7017
3381
4606
7615
13
1432
6630
9999
3414
3758
5541
2302
9172
5568
4750
2487
5355
9501
1180
2970
9478
3211
7435
3789
9339
973
9363
2301
9097
3736
172
9723
1692
9006
675
3019
5653
5251
4633
1965
2346
5194
4938
1216
4916
4427
2591
5939
4765
1050
8319
9470
1623
2629
2872
2762
5446
3087
8571
2854
7817
2577
6138
6169
5684
9301
3704
4180
7099
4954
1551
5023
8246
9751
7580
6834
3712
7514
1537
5660
6409
5054
9201
362
1085
1821
403
7135
6610
3459
1853
2255
7392
9337
1554
6119
3622
7285
100
7375
3728
3204
8140
1702
2189
5778
2208
4452
5237
8847
4996
3957
4928
1912
5791
1639
2887
4739
1749
7427
2761
4308
5003
7287
2322
9436
2187
794
9379
6668
451
8185
1148
2426
3965
583
9654
8332
6724
984
6984
3739
8466
7278
8856
5580
4330
6367
3391
3718
9513
2755
4240
2573
4407
6642
1291
6716
9210
732
814
8426
2470
3406
4907
9985
420
1672
1972
5218
4014
7951
3855
9355
5930
8750
3754
9899
4991
6901
4930
3389
9279
147
7773
3048
6863
9016
547
5584
4560
8120
3201
2554
1071
3767
2947
7254
9255
7752
7213
8177
8298
4819
6559
730
9812
4423
40
2436
9642
8818
1892
5924
171
6601
5658
6343
1276
4655
8730
7352
9167
9674
5091
6808
4520
1597
5231
1019
7865
3842
1671
7065
8773
4905
8877
3225
2683
6573
9849
6931
9880
3822
4730
1764
8869
9076
4477
9905
2988
5844
5877
7166
2139
7242
1617
4032
3012
3972
688
3688
4360
9183
1344
5197
6219
2284
6977
307
4628
4650
9855
9033
3518
672
3555
3629
7914
2027
8735
3345
7163
1564
6500
6287
8510
3578
1636
4611
525
8799
6251
5207
500
9332
3282
1596
4239
7169
7497
9883
5794
6721
8440
4617
9362
7418
1440
3940
165
5588
6129
9071
3242
5987
351
4041
453
8219
9552
7180
7139
9381
8288
4448
7530
6040
4134
9289
7498
2996
5312
4286
935
4368
1897
8205
4128
2091
2459
7345
6557
4483
1430
1680
534
3329
8882
2229
4573
4273
9113
5210
6597
8522
2626
7079
2756
7399
5733
3401
7077
2837
5549
7119
9532
3209
339
9393
1222
980
4370
8938
5992
170
719
4913
475
6371
5935
9798
8868
3699
2673
8599
4160
6365
72
5390
3848
7006
6981
8385
6580
7620
745
2030
3915
8168
153
2069
2321
3786
3118
28
1342
8272
6220
3357
4832
532
5246
3570
2500
2699
610
9221
3613
4488
4410
4547
2984
8069
1817
6989
8450
5697
7377
4771
999
1479
4900
8079
9035
4422
7964
9670
5118
9457
3698
6603
9421
7540
3130
7172
1091
7810
5315
8098
8008
6848
9405
5597
2360
6217
6025
8859
8190
2394
2639
1844
9742
2341
3073
4806
9264
9095
5377
9248
8175
2483
1666
5609
1908
8313
7820
9559
4729
6052
6774
4778
2037
4485
7462
5799
463
152
9851
5261
7784
6799
5907
4315
8051
9402
2850
1390
5319
4770
4708
2809
8056
7942
9515
2524
2557
4791
4974
653
6278
214
3666
3832
4684
9246
2746
1837
9758
2020
708
8251
8189
2507
5830
5417
7592
9731
920
5552
574
6809
8512
8005
1287
9504
7095
8698
3793
9782
9627
6267
3641
9516
690
5489
7729
9781
102
6412
6166
6049
1848
5646
6055
2330
9689
6869
4567
3760
1778
9023
5543
1438
8752
5689
5068
1615
1950
4790
7201
627
7251
1748
7244
9695
79
2973
5829
2051
5457
682
4522
7007
6133
7701
2684
8142
5595
9519
9749
9568
3309
951
5682
7992
4458
2053
8039
8471
306
9185
3032
2201
6256
8842
7967
9431
1144
6048
508
9180
3621
5314
7823
3496
8250
6980
3110
8692
8745
535
7170
8378
4404
2865
6829
3583
8784
6066
9317
8631
6173
5560
1688
5928
2131
7025
5687
6172
107
6664
3981
4194
4017
2550
3628
8615
7040
6416
7437
6592
3055
2901
974
9936
7176
4925
1697
3263
6576
4384
636
5804
7423
3015
2289
5965
2410
9780
7547
1324
1631
6855
1888
8933
7064
439
7795
7573
1830
606
5307
2387
7492
6661
6999
2605
2095
2623
5101
945
8984
9025
3606
1929
2805
5680
623
469
9132
7885
7660
9380
855
3371
6483
6162
7991
4497
2799
2190
6692
8926
2456
3783
3831
3425
8874
7333
6753
4122
2010
6978
215
4424
6410
8292
5545
35
9259
3974
8576
6473
400
821
8326
3139
2976
8148
9922
6990
1321
7872
8994
8158
6271
2471
2257
6680
2220
4120
2574
1264
8688
8338
4056
404
5550
3625
658
4743
5150
2447
1317
571
7012
2126
3680
2243
9281
9497
752
8879
3025
8554
9859
1369
7898
5232
5189
2533
118
7014
9368
8648
6645
6042
6701
1183
6907
7329
6908
3398
5694
1368
4439
786
2949
3996
5334
5726
9340
2876
8987
766
7190
8975
6071
4481
3568
601
4807
8566
8089
4445
2827
9526
7349
3216
862
2907
7413
2400
2516
8663
5893
7600
8392
3660
9625
2350
5240
9808
6983
1524
7494
8090
2912
8838
7428
6746
3071
768
6656
2965
7757
352
8519
3722
6854
3280
5849
7645
9991
6360
1422
1421
6634
1845
9053
6225
8274
1526
3301
8339
3707
3380
2819
576
3189
54
8123
4149
8438
3900
8128
220
5698
1000
4862
8837
5066
5475
9983
3308
8253
7262
2239
232
9756
4366
4426
52
7118
4858
3805
1910
9452
1254
8412
9966
2741
629
8411
8003
7883
41
1905
7093
9609
7366
6289
251
5596
709
179
1005
5715
6147
7045
9575
390
7708
304
6304
6507
9080
378
9885
677
2560
7089
3350
915
3829
9396
7136
8864
9946
4632
2210
7436
1299
5920
4888
7496
9942
3505
4107
8611
1459
186
2933
7070
5846
1951
3262
3685
9919
9547
5461
6544
4324
8811
380
1154
5526
4246
3779
9054
2604
5501
5141
5853
3777
5120
8245
1659
2192
265
7395
9418
6710
8301
9819
146
4814
6771
2873
3632
1415
499
2851
2347
9202
4356
7624
206
8920
1580
3083
7988
8817
9614
9555
3663
3681
9838
5125
4523
5070
2307
1941
9833
1862
3794
1549
1427
3439
1060
1098
902
2663
1637
8820
3612
3574
8890
387
9106
4521
5712
5832
7491
6967
2397
9978
7108
8293
5287
3650
2338
7867
512
4929
2308
7725
5672
6136
510
5524
4997
4060
7720
5122
8187
1170
6314
5775
5290
9069
7808
1744
3701
676
6520
7322
3446
9218
3537
9153
7286
4626
9947
691
2982
7126
326
906
7058
2914
7369
1469
6868
6988
4472
8476
564
5001
2266
2531
7602
3196
1326
5797
3904
9757
7576
3176
7866
8433
8848
9868
6335
2199
4468
2816
388
1463
7076
2074
5432
3117
7609
6437
2881
3870
7721
7105
2971
2749
656
3342
9763
3994
9174
9445
2602
8693
1622
1373
69
8538
5504
2624
7888
8787
3011
2662
5424
3268
4746
7852
455
7969
9677
9694
9582
2526
7013
6684
975
8785
3296
9755
8638
4600
3399
2182
5369
3741
2978
5100
7772
9979
5345
2004
3795
2600
9181
4442
2911
5405
4493
2668
8163
3791
958
7382
9171
1062
2726
7899
7854
55
8375
9842
9182
896
4537
637
4010
889
2352
6457
598
7274
5491
2337
3947
1796
8575
5795
329
7114
9250
9976
3898
2223
6001
2776
9364
8087
8673
3611
7508
1875
3811
3982
8160
9805
679
4272
9595
3168
5402
7018
1974
6678
6924
6563
7803
9437
5859
3942
6729
2845
2710
5329
9980
3270
6323
4115
8001
2414
1360
8270
1644
2214
7535
1191
1992
2841
8909
575
2109
1832
7115
2484
1072
6521
7703
949
4383
1548
3813
7781
1339
4063
364
705
7833
6952
174
556
3093
4627
3404
2329
6470
490
7971
3163
4067
6818
2440
365
8743
5786
6682
7934
9592
7597
9511
6237
1890
7932
1512
3752
1813
4990
5792
8959
2141
7454
3330
482
6368
8662
2568
9135
1043
5076
4868
443
7919
3331
8110
6293
913
323
3523
6262
9036
4896
9277
7143
8564
2866
5096
8093
5860
938
581
6740
7204
454
9372
6319
9444
1003
2070
9791
3580
1765
9558
4474
3958
9205
797
7502
2657
131
6933
6797
5041
4035
6591
9345
2078
1620
6696
4049
4288
511
7116
5934
1395
4936
5938
4027
4733
5768
5507
659
2455
6034
1556
8235
1308
6542
1492