965328
17167
721016
564892
294329
839770
541462
119911
698814
971097
843103
274919
412564
704145
852070
1381
834224
884170
50417
961318
368485
310432
590665
492349
440616
392455
367755
737885
479638
593505
385447
395849
952309
707987
351829
68038
9469
374205
14435
691841
822065
704625
370165
202128
191389
454744
112996
447487
263495
962993
74877
792244
192754
145700
480605
378224
794577
527122
958770
950613
225401
977363
366914
843974
705071
482910
411257
792311
328190
393676
388544
466174
442023
176384
209666
238054
659253
436297
231760
945988
619951
422398
608768
765352
232548
705632
77160
940037
861817
455557
922156
501202
199891
3104
126654
313712
363329
716753
671017
749404
422737
246447
29923
643489
949725
267838
253672
512195
821736
505338
643225
702522
750613
548075
648142
558886
217786
760108
258804
871463
138599
976600
573056
395901
587086
89476
565062
30462
249093
147449
588572
19440
624801
565888
219925
231826
300040
535836
482090
683390
672987
198358
845320
471094
961874
73761
367668
455254
434113
490145
418142
670315
418479
452621
629024
795726
860589
715468
317714
421091
71050
674603
950920
957659
569690
194734
643859
32433
952054
695077
126870
100482
122463
335434
190231
519381
147978
643245
54297
264280
500633
114487
723019
114366
750401
988502
155921
322540
21733
852927
241999
897058
324441
146820
436269
483551
967606
666981
570733
549220
181625
813765
798631
766450
182204
488780
227307
944439
692676
486021
84275
867483
404550
786134
854619
104366
660416
661188
573344
379532
935605
354926
722495
484961
289317
39223
742072
780237
142913
184134
460420
308341
445382
398886
728744
627615
652520
980827
464294
915425
391945
269302
196134
31180
523201
35890
322832
512418
694440
167800
517853
398000
358087
572995
214477
46763
176457
962617
649384
204392
224070
34546
953743
254523
255647
518096
431807
16543
128964
573827
951687
210277
98073
551441
370706
227467
923489
903062
151953
181738
991968
256072
332011
213008
84551
375242
288309
447732
891353
953632
993153
294518
944854
675917
688407
214434
562114
688075
382599
28092
904875
751412
320593
877634
175152
81244
908844
304955
27168
633115
345622
372662
53742
763028
410745
740871
973932
967395
486389
775922
123965
457537
155007
873711
66712
483838
72996
405613
459954
6528
254502
175236
103861
110386
261074
950036
710332
212637
133357
447033
783581
931880
282619
104556
960051
852191
698704
895952
807062
322156
117190
57008
83225
828543
641406
642224
865146
1533
533014
881614
954969
260708
49097
262352
998808
943603
392261
585852
822127
932226
716809
42627
207640
964485
855628
302259
76275
990785
93351
678841
457489
764538
979525
74183
427010
917252
869942
718162
503989
445050
440405
690167
225269
587404
796312
772432
656351
543038
564998
789157
578420
169142
247729
514013
778828
237534
761254
418213
269119
339792
49922
912740
318851
769767
2807
892069
340717
122868
309247
655896
669836
138035
365276
156657
151864
790833
275677
418694
687056
889724
381834
334056
656208
226682
649882
807174
526090
489648
587456
449985
589689
106244
762373
925995
936275
46318
612624
73126
271803
220765
375277
135149
390066
852236
130088
863773
472949
975469
245459
759309
133473
356939
99257
750732
491175
657075
966188
180297
335596
554934
488570
7339
418727
903231
717430
976561
299697
753477
530859
223100
606392
404023
143279
213877
476666
972291
776403
378384
521381
530393
930311
598563
340175
785972
959879
478316
536193
310522
953317
881839
637655
523342
84611
661819
258156
24838
7048
585575
593918
515581
659577
690781
702640
382773
512350
499820
457298
320651
747525
873210
81901
108386
409724
159714
910464
680002
160453
351633
148989
416086
936725
841113
480490
804356
83467
373064
574362
789359
88072
924502
68117
819309
175924
824781
682724
764314
732829
280181
542755
198099
561886
695049
702480
900199
870793
947613
153644
902610
44727
381245
110096
604281
623154
589745
155334
902732
100754
250673
140899
617548
790192
552055
371424
33474
862413
886489
840894
803825
588184
827056
596573
228803
378654
513787
84060
828315
824845
642420
832862
498783
233381
418240
944996
829647
207844
386742
266050
502838
576871
794701
430005
34553
180923
982025
832364
570591
70302
287673
466955
334309
723239
804266
560276
561346
756499
982731
481738
862728
240392
124900
257127
17496
449328
321778
203815
531975
255363
849501
532326
430934
126578
685984
546468
123839
511535
818944
904362
894011
603618
846938
272258
191152
336475
712175
266459
674631
234118
117194
337958
540960
443424
279346
860408
470617
744074
796528
97700
62763
654038
202547
111922
815306
374578
361885
629512
477404
556182
889778
84861
604793
703183
265984
182517
741300
638399
366986
293385
97329
872920
130147
566813
100727
2519
587394
830071
896084
359448
77359
95279
361912
914146
614316
61138
162612
77608
324533
377813
387605
67567
918879
804891
139664
730567
477591
393953
741012
710815
290489
873118
949153
926654
140421
64357
196816
53936
442113
165963
125934
342467
863377
363455
884271
525257
929646
739474
801506
640507
548668
467850
124707
471837
947503
733419
945557
216466
19721
747401
639347
337066
749422
906867
478458
620174
11488
311504
58357
304803
388321
235906
161274
574793
808755
6680
222227
497974
596529
865857
698866
37189
653302
745492
228675
662178
658993
694852
497980
533006
18207
181617
464545
598365
206053
60882
521380
280069
233085
16223
870212
221208
861345
551493
637452
479020
305753
854839
820311
469204
705966
615236
781864
388297
422184
940394
919812
752236
150201
134433
781643
853767
689911
706020
802733
291587
620296
656741
305895
659402
490287
60758
503341
275883
699645
855225
265943
909397
777051
807413
245187
712044
505304
436510
914627
973160
367971
902833
132094
913925
626971
22747
236015
60277
364839
711313
556610
302299
102856
357284
310185
759834
774824
577245
342111
362906
289922
895336
549056
331884
298984
622557
191954
198955
480449
682401
841880
96011
790058
340421
557696
351100
429594
436023
575020
323499
621808
561997
140274
498708
249550
280142
655863
168933
271469
403562
555599
117187
354769
85893
555320
776576
34747
945032
135894
357848
965601
721604
484919
3251
92343
885312
186954
381441
541373
859116
822926
122930
926249
872447
532710
421334
362010
289791
155824
98945
760288
942356
473681
817581
360327
435857
218754
361700
552617
54569
427812
394909
806858
113346
241
215134
243869
137076
303924
783373
168890
140917
979151
480151
628107
894583
992303
636583
22525
569197
202331
323918
500251
799462
583652
476870
607816
681500
49098
563800
290235
257996
397896
610024
37026
128095
970441
530176
724603
696068
870924
524056
111395
35964
654585
298117
191959
94541
239845
877059
51190
512891
897287
740171
639104
350737
704011
299977
417025
564018
732414
934655
971665
60435
292907
95346
945992
100212
577767
891954
624977
671593
148770
819529
406713
794378
631258
960529
165003
645043
872146
276709
733721
807707
655216
700988
949222
442693
432275
927522
598362
702591
451521
594219
219056
781399
252277
395722
998701
785150
521982
60048
365869
30221
511629
327792
828075
246850
215437
805332
584075
217416
136451
890120
126291
129027
967934
195668
375621
458140
502721
648936
783564
458262
956378
525106
772805
985959
386402
850585
542656
352598
103244
666626
830022
840236
754034
129420
8569
758798
126838
386729
331055
221565
376515
306487
962084
929487
959739
678233
294164
339197
680840
591482
65929
68245
376573
376404
268193
166849
443368
538327
78110
588130
508529
180101
276683
624887
184091
478637
31418
602078
903569
785478
642265
609923
738803
374569
647732
870629
554329
931828
658530
564294
359743
175280
185918
921597
391881
804858
932035
898254
753920
814593
757019
51358
42947
182169
803319
207283
630522
694488
484352
675746
637260
115711
245208
437422
366643
456732
236271
71100
768924
122874
255431
338940
772412
944203
532963
167370
184327
670548
435548
8095
400177
99501
836771
885406
265657
458749
751469
886324
104593
492867
902526
946548
211919
154146
595196
682056
558824
941139
261505
290795
868241
710690
143558
962038
887235
874867
278137
163253
378534
46524
438197
284491
771502
498599
942370
262826
955259
533819
281983
599606
397661
544251
924240
515374
251146
912659
953373
212697
769126
700704
626159
173608
306466
380813
551962
545336
519367
51439
685847
374082
465944
150548
467329
499359
191492
589261
899972
681602
396946
437620
22887
747520
243158
484011
849560
542958
851731
394544
701705
743755
481179
517363
171453
357892
117795
894757
184732
146284
425806
407494
402158
476417
767296
979393
194530
520805
373779
72704
45427
155827
979227
9236
499254
415987
962394
152036
359872
14551
788547
449394
492322
524943
139526
716899
715276
418714
980396
926855
31626
640731
861148
71094
557064
483599
441000
987893
954583
709604
554813
591428
475039
289303
921040
826403
687388
913349
711418
729039
941771
574316
103475
364587
734237
953312
427857
845286
531359
904974
913688
142247
759030
657747
831638
527877
903383
883855
597520
274384
158878
925323
438341
317658
969446
969931
802948
125788
709158
69658
277352
187816
442916
645815
436500
542927
292113
36294
510665
409861
355601
221161
638921
839702
836103
55025
473474
688111
430457
831224
15815
297416
804988
391254
461514
958749
255220
288761
792561
651859
901529
994771
956553
139389
936537
338786
874994
216819
838888
894018
592242
58155
544155
831716
880830
508900
602219
201112
824642
57745
205375
733753
950584
42059
240121
180208
996168
643310
596030
507321
66848
691908
303647
995132
65102
244237
518488
953196
845277
104587
819058
865610
282800
491032
229243
215843
972588
476200
658068
481118
430876
498421
505127
751710
187065
502182
944088
474742
358234
896193
810073
667524
650748
14860
314086
156703
824594
924466
689759
928073
508176
185697
89317
341096
835278
304240
646324
907058
466477
463144
13602
538386
319218
990638
503959
139819
653383
269463
978353
682327
603937
590264
95182
400984
740082
176030
633594
522986
262227
556883
650567
932761
345587
668026
400241
31446
586202
39654
547641
201413
431738
18115
12913
943772
406354
637500
944012
33891
229784
285659
435791
477191
608234
391146
856810
730596
100696
666474
823332
59412
552037
177913
905736
582118
136088
452225
126976
338798
335770
84211
654396
466704
784230
476491
820716
95489
373484
92662
383070
802452
16651
811829
702375
609147
141967
992696
798080
509751
587572
724261
308785
828719
606700
53568
335286
958028
232283
145834
667504
129297
443263
390323
359573
814241
716272
560733
649585
995267
832898
18460
2651
709656
877227
545462
58064
349105
383934
673910
128089
943366
594920
721790
273365
415434
174346
28788
712691
45596
629577
827237
128404
207579
674263
178002
579762
216491
186682
529897
626757
174773
132707
875858
912617
125938
623618
143583
967186
940412
632648
947121
708280
667485
13090
810182
149846
347564
877156
882113
232016
850615
247334
159939
376018
104257
477171
905372
348136
285495
158731
926252
388972
681294
995603
364811
345189
244672
622263
896526
854728
749561
717100
517763
223560
271808
140887
779838
851581
392868
91574
73810
688596
944728
512315
9217
737355
580674
620020
828541
728778
205187
783969
685120
438501
939726
34429
390440
805243
506068
803908
389292
41435
502601
956828
320526
698406
200122
811435
871526
798503
638605
565373
176152
675247
55711
948906
529352
69206
991745
601811
977772
203989
833670
6849
428833
801453
239765
272411
33561
355668
115902
207420
563707
609919
483076
351749
693585
571557
494937
587042
70720
576557
884498
67442
862293
674240
73844
383418
808088
195916
565581
958079
721165
451877
249705
272817
944038
86591
182422
61541
203518
273252
80028
566378
488079
357896
243915
448454
856515
507955
348463
142161
179387
366910
740470
234996
841694
23877
323422
588140
596595
483777
805940
561868
537717
59781
609258
806976
686198
576401
382350
256247
80449
664396
75528
487789
934277
240527
712371
330942
7842
623616
676869
956741
445392
800868
372243
837544
148013
519865
95357
798012
223619
307083
15791
988313
894725
324452
820280
638047
605028
2723
607826
425479
760225
851870
432957
223124
650470
407349
24194
773149
829957
974817
723867
977059
247250
821412
423461
428329
529322
48188
629523
564327
190171
108704
920651
561489
665533
534523
267640
531490
553984
210204
17291
867449
223898
108368
67492
209472
904115
381010
1761
777455
501928
481766
793634
923197
265195
610893
306080
640081
679250
384145
996242
810805
833005
321505
589533
608476
475889
166138
902593
55343
390335
945181
127982
921206
566782
841578
548948
22846
203715
350451
77718
852772
597075
186580
289006
886915
534629
874566
30752
721617
704885
926289
260823
760823
945027
22505
100091
989944
584093
530008
170
57716
881736
864417
836168
532666
681804
704196
259847
558752
113148
961732
753866
413927
126309
115054
255470
81313
844927
669181
715663
508026
753373
86777
296899
833123
193893
841968
14444
828906
949745
270803
189242
11296
40657
628573
382398
476904
428817
759657
801848
702194
97437
950842
286331
544301
361894
234545
425218
625984
71851
204936
479644
383218
593180
473026
769990
880987
748218
904332
793884
190446
332953
744310
282546
538881
869569
872455
243866
34085
263851
597730
944968
928803
327
301796
26437
743664
162938
538268
360177
407495
270518
115898
443782
210006
270623
718062
928247
519730
68808
759287
195254
329650
123612
831306
577032
164361
296035
764058
855936
404119
149365
182613
643262
246114
905273
382485
91981
727165
333419
621892
629682
639377
391444
236163
940120
35404
73087
313696
821723
59853
610781
414997
61156
103465
660337
453733
667004
805902
819016
760582
610756
302980
564366
555937
204355
919547
685106
772179
686797
695811
96705
733221
868849
543667
545560
498316
262323
735651
597685
524961
885245
311924
617299
918314
262619
884891
91224
222910
40194
690812
230396
85250
551533
386208
739395
50043
203911
840670
394943
790946
736443
818689
842681
91155
188738
434672
31045
977366
766321
867331
651776
920397
647399
77273
947166
673430
495859
786890
760112
239114
852804
130164
253314
651699
304998
242942
902303
700220
304537
319014
250366
152386
978809
245737
249089
738269
324583
322495
505163
308739
428903
823286
332379
9859
682988
259650
785337
241973
126513
491667
179500
122516
402915
444072
216655
196256
476038
854423
218054
627755
134164
618895
461271
524836
480932
274744
119282
435069
588464
952171
289600
549049
427566
604417
453607
781406
906242
548318
552371
952322
581469
431962
149601
200707
757715
12721
420704
749627
321319
869429
708602
776721
616342
59920
683422
830502
953429
420295
47527
484550
346875
234389
605626
589512
813305
325312
286755
710374
87817
355931
580200
152025
213196
675133
934099
78903
807109
252698
366809
939022
624382
277080
635149
419292
329676
384051
33511
820004
171664
880826
79046
46851
625635
290680
274641
679663
254595
567975
546628
815304
345469
192268
612245
403369
728361
746803
676214
700403
800989
83513
775035
196686
605870
170930
711951
102780
15979
102212
298850
773438
928456
77994
430736
657334
824490
982061
592226
568793
954245
864497
294293
268923
207517
634142
301931
955048
529312
901135
46713
610451
822106
466965
838975
524765
832197
310810
493242
500260
368562
587453
47574
807500
409944
648806
298242
895896
184360
125694
958289
71530
212251
146549
258410
172371
834587
997197
218655
136152
507010
419396
219744
190154
710704
584703
325886
564672
197201
447936
276203
293488
867899
517459
129907
542465
299180
692619
954129
312773
594170
477721
754773
773987
963158
247431
523596
886168
883317
103151
294963
203123
555045
136901
920737
228593
606321
926506
331465
661911
867443
541846
268092
394629
459771
210457
546770
768410
935649
41315
264542
80515
49351
837485
162021
511949
609163
575923
485224
213496
92813
358551
914839
702866
363619
628665
548685
128189
82493
643279
575136
952029
840078
814726
124993
514044
934598
422838
346881
685833
24924
760156
157416
202685
316776
361139
249784
500408
678104
475648
851532
278944
625397
334752
103090
55579
947385
754887
852738
936047
481774
755382
135129
408986
516311
479131
803078
90662
345362
146806
757620
421255
870592
772110
610396
610638
270776
842629
834834
539322
453612
790433
940999
874067
808163
331770
348757
73829
467681
38054
24626
69339
885733
280351
649901
478841
443897
426100
339077
460171
77461
930254
400221
257164
616026
335247
253386
445368
133794
113892
101077
301315
355850
79509
631581
88641
51013
433299
127964
354283
663809
887584
366703
258866
400258
879872
675745
956980
359714
817738
240729
548911
820342
175174
849921
217471
889998
344516
50661
104223
770144
840625
203142
565372
679127
443748
14047
726752
776001
457983
543496
777450
104675
203374
40092
943118
471033
461655
27125
51320
985633
626206
715335
748428
322846
965627
887960
945618
834792
120894
332395
595052
633689
34401
816209
938542
818874
603742
760957
116507
807553
789453
367908
517818
571741
189421
366609
947041
280663
643953
467790
972832
459709
645698
553553
143492
908286
615583
797359
819850
950445
638979
150767
291912
255969
2239
515689
298228
449282
625163
522059
786872
603159
235001
69121
937866
937168
462907
84186
565626
976889
778821
539014
723585
334519
767713
687642
476872
951100
578025
34895
593689
13541
174480
933798
890168
106529
942
697901
599630
429207
180892
634323
93593
115380
420579
718793
95586
449317
984453
530156
659939
43071
504498
849640
3531
294840
359201
678274
774358
581095
251431
101791
305968
299555
749070
959808
506792
591463
68656
162572
410384
308848
739319
21292
942047
543068
492856
248968
275770
10834
105462
436331
241616
105894
7888
344813
615573
7091
47143
268395
41726
192856
837192
974601
971566
442929
477263
926491
217234
5224
590127
673069
152347
410394
135098
156955
450430
468625
302946
290517
369707
858140
647999
831588
440599
909479
346947
840851
752762
758572
60425
137639
641482
123260
124144
233224
541058
230287
903225
602535
833837
77670
294769
595016
853612
627644
612360
39634
788936
858001
864934
210495
90852
913006
614338
385586
402296
881285
219914
719659
789590
466494
42800
226976
582454
798850
980969
462494
421544
720107
829081
850929
969609
871662
506229
856594
222881
498247
665218
232468
399581
235931
185870
386594
824561
406870
651979
867062
524189
719067
71880
395534
949410
181902
11819
439900
95843
720714
503304
344315
176027
550425
136434
266778
49659
583856
782306
248791
965735
171553
368705
748199
871647
465400
215555
716912
506005
524033
264529
890540
505630
648453
672468
728592
884635
477069
821219
755836
236111
918265
169608
896934
259538
552801
293564
296400
136414
367028
545690
493880
26861
245627
686589
488244
410004
872719
78565
238120
692394
804488
39353
911262
248941
33954
714946
333198
405181
287988
234795
996890
691735
34017
56384
978618
147453
574257
707436
845180
636591
118729
567197
469500
138230
832217
624775
369520
420961
659186
839317
113428
419010
6083
693640
477822
937104
641688
644682
834801
846155
824819
640419
176631
604993
487528
193979
573696
24416
820358
249036
280354
999691
82514
458738
346421
672770
812036
30200
830639
558911
785302
304016
579492
460993
500453
354259
720760
572572
129231
928344
923004
359038
680602
100185
919364
673482
16751
918560
127453
189575
982008
318262
808015
44930
819961
961059
27190
688751
906974
763427
155111
762767
583490
831452
775651
721303
758062
919202
607426
653579
221551
352615
51479
320807
143329
720775
677511
290090
831324
347130
714642
834874
620392
729630
595878
937307
639392
797833
619823
865040
964170
844204
351660
464450
709380
571358
643907
248970
499132
745777
482357
987970
363810
154395
985510
748415
601973
562360
450538
744766
511929
702768
983118
53264
560136
206745
339153
726956
81890
39015
972652
899513
382446
504555
502232
575698
44875
348817
142040
928955
896860
87797
140164
957094
233873
113651
704545
303363
344608
266336
915888
398151
522551
323816
607205
808762
302671
468482
574550
842994
861406
925783
739943
560464
289748
541597
536874
536692
391205
33443
739684
215687
651689
324805
282640
63788
881978
133658
298694
849319
405904
817908
405028
101036
692095
333094
957494
567405
70388
261691
394020
872557
228197
388828
903040
419501
401055
580306
642658
127221
374347
749350
670415
397058
672064
379168
591417
245925
922357
860785
72536
393928
116365
929969
98049
18123
531320
426047
815134
12099
469672
960548
424209
451276
397429
86752
948485
778388
499370
133648
681352
247653
983302
236080
691516
644950
161033
558225
471709
166644
117363
304100
455298
672732
178021
170214
173271
43219
92708
523663
862747
885637
477538
367343
40501
896630
515986
104209
660042
81224
577837
110752
629310
50782
467214
115773
605739
490
237904
733281
257005
805156
85432
251551
51491
974824
834525
657063
704471
696373
954618
670241
760019
713060
931627
120157
217422
981430
342410
278920
332506
895066
625187
958213
866766
122458
68147
946546
359185
720326
303401
750922
589676
598895
602617
67824
791257
822044
39371
785912
721520
82029
629829
587450
182756
38249
813074
468295
230611
543902
16857
871312
590790
741594
706753
455863
302636
972747
421427
283536
706812
835049
441886
39059
406961
101736
895412
13153
497757
757018
201228
192227
211465
605252
159309
991694
12901
884776
73987
106621
899769
740373
964274
327984
478305
917574
349824
236398
38641
399059
633476
156306
621237
529952
368074
526492
675246
619099
564315
898496
681746
470529
345161
668223
378307
604082
675083
862393
344467
257563
198779
973069
670740
13533
992428
763888
879898
949998
581677
384690
364029
705009
338052
378249
740198
897755
888420
232418
563732
347107
592747
54243
150986
170618
945113
29119
495284
684063
106563
218187
896654
975115
114236
227412
146654
507204
201256
745720
925882
941732
104484
415015
586444
481774
794220
731030
580241
285508
994609
187503
893563
32555
655148
218214
201956
549518
19524
451311
488577
732443
457809
139975
755101
532584
703609
778184
374375
419790
669571
240892
100762
845826
487844
477872
580667
365273
928409
174584
946299
655183
656350
29950
479149
417332
15029
385479
78625
297847
990270
529579
700033
383702
539372
60513
765507
215229
326449
661739
677424
757052
955089
489055
386940
904719
39052
330458
376813
884711
805436
95585
638092
650493
928911
105119
293594
925956
206961
433054
642092
967507
502959
896094
262471
300603
966312
316316
131952
48102
332754
582434
895744
170895
277412
445990
247911
711085
494398
372610
906131
922782
994199
724782
350700
575229
518036
488234
989975
55625
87935
960024
919267
338068
606123
1950
726650
128896
288774
682426
721089
873147
180785
733873
761571
103733
335674
265555
351473
839695
478570
948745
261968
226596
550724
248415
866627
278166
764317
155794
190568
354768
495208
589760
298537
926548
953736
7963
301765
649925
728279
989789
982693
557744
843023
713973
124844
609779
541380
663998
460352
976891
733008
269975
697322
561712
520798
960731
174150
450538
892643
83732
736080
386633
850329
509490
645500
174460
610209
302961
190476
394896
652404
662848
220151
303174
40525
327320
577267
622485
288102
681828
733256
309043
35258
317739
835509
2820
441785
241323
823037
504442
643366
980220
340504
988307
866701
587887
469861
450711
888890
610391
315866
970080
76785
219810
837608
995872
162603
803893
656436
110634
125174
685199
827419
703991
229043
136843
453967
320603
448975
208848
226139
641710
375474
777444
532867
57817
121505
994427
891613
101048
837491
103417
886734
577916
577928
329013
681802
717760
215007
881028
879669
934337
132016
373247
519131
999970
917677
211137
909492
491856
924573
758898
259023
780533
495126
282695
218208
641629
200299
775748
645923
750479
607842
574751
784893
423516
599911
106006
64150
339824
341034
100428
169874
69008
498792
172021
489845
399579
549245
807138
296868
668115
799247
484526
858856
832581
298379
552250
252748
610712
897557
994632
720964
174592
750187
522794
254935
260581
180656
14688
478583
87965
350211
462147
140291
373233
563323
740337
909168
381313
233259
80241
104405
31908
126219
326
603247
152304
850429
550901
359272
216280
863493
190951
196448
204113
259421
340799
280820
966582
372186
941535
798278
975476
190253
197309
404804
297939
830500
994616
314101
111750
21513
30775
359894
665524
577123
517726
293059
208900
994502
720092
220513
903716
171127
864819
263790
744459
6565
212176
359277
108495
575967
770748
481170
640098
495001
442006
139985
370498
436824
845903
251247
995740
96816
401224
643987
550644
688474
628987
165714
928110
996156
19598
433227
402656
457997
850875
349111
727048
666430
728275
688020
247111
326399
888188
31806
598089
50071
414190
587363
565435
44009
201915
559441
501363
894985
825058
527287
905830
335838
404105
170012
269074
240546
746196
159540
111985
371078
846594
416176
586095
742021
648418
797179
238060
48660
801264
978498
287316
182089
260230
227866
955444
748524
10869
414266
415418
929175
252109
891151
781938
631582
550023
910683
86189
371940
184690
129525
142185
453874
202834
894569
589322
665495
160602
134129
657172
979450
780190
262254
939399
238135
785803
398002
187023
274512
293027
736879
273861
952194
878266
311730
69168
267669
769966
309222
755880
162833
599336
497330
578512
25122
945772
358402
967933
591644
991434
129841
745902
541702
502532
772248
552669
126118
598022
833575
304053
333662
356581
963438
248943
232249
454522
995958
336181
107673
175192
388751
746022
689273
4108
633267
307444
732359
365535
297275
796866
710401
632448
909666
845294
522780
244008
354372
60126
135461
98488
982444
620856
882752
786816
468238
540007
365066
475857
506435
281904
260054
254328
111391
906922
679405
764533
73317
549412
530852
216233
833745
56632
568413
248489
251900
576001
103030
754989
753495
846921
66824
264148
242324
569485
75480
797469
716783
856510
647555
642867
292785
840875
945179
376126
246250
680964
14840
453141
863758
937508
960625
792494
901259
687360
674508
488536
446982
166962
814243
926746
326473
981267
361006
54994
629794
423478
107282
16520
927231
208965
714578
828413
392789
985899
936626
632400
399058
987656
202010
275860
990790
818130
433598
448776
153978
690696
914227
320638
557859
161621
626482
613105
337308
265456
856332
894201
399790
535948
930967
776469
517028
196987
615561
342475
535902
651930
528035
81882
260611
240369
381385
797770
856005
635536
212946
872300
993685
907437
47133
278554
781849
146328
539783
415430
96255
969208
677037
662750
790157
129049
13301
735696
789654
86503
922253
570195
450904
695734
730422
445503
50745
973932
20807
905359
94885
618291
280340
763221
749599
749432
228527
858496
932059
519895
18396
456739
103738
495667
33852
688269
176613
366382
106302
188272
26511
732926
521658
810437
853002
310514
42744
77248
329847
314399
112299
798392
76636
857774
947133
95946
907795
667850
158097
444545
299407
106885
242288
170198
351563
828132
68918
221579
630075
97643
603170
554514
414607
849929
140810
21226
419172
478303
429302
656511
115723
966062
449615
552918
97369
780841
737459
729595
321811
714357
268437
590655
408064
125481
989644
658158
175274
719244
512212
934353
916652
162494
874215
337014
430679
674671
895689
492120
536477
795286
59020
262139
1809
221754
514288
399988
341110
702773
100297
508899
303326
856416
966867
648841
773236
532928
996888
264132
34653
879619
501798
689364
364682
490259
805135
513458
487065
119429
981460
8903
945261
473776
869209
735369
180139
433741
419936
52317
430120
604021
171367
231828
802761
313781
803571
129918
628999
672764
708602
738189
644828
406741
527064
45523
658713
622951
47350
44480
557919
968353
529752
117442
489658
87715
246668
830844
24353
2956
500661
681147
282119
192450
677936
747479
277484
60439
490730
538396
167326
803677
787969
84549
921789
451132
666382
488040
663292
469333
296776
723744
471485
36058
345427
295350
663484
682350
158694
383767
737989
898580
708741
464989
795652
89045
199550
260588
322558
924750
133574
736628
233093
835273
637890
923685
190893
734472
55150
281549
280390
456956
214809
818714
900984
965647
559561
242159
80184
673272
563810
773229
589772
173608
164501
784643
944131
359987
265600
935449
365618
60630
567266
569594
129991
113095
30859
447011
542598
85360
759120
451674
375623
613909
190437
225805
366913
237596
303145
48080
763346
583137
869307
702640
978795
890940
600298
736281
276381
352824
401262
851136
531920
463188
971991
341533
779256
347198
449548
714635
525953
502915
642456
888903
765969
241387
772888
586925
591740
872690
682378
842270
474456
273837
48263
730296
391485
444486
968563
202793
343435
211655
512163
692278
948063
196200
412503
188845
591058
75603
815251
664522
656990
749172
660584
205549
824446
755563
964007
517285
635015
681085
507336
690042
18254
146341
326548
544644
113063
235164
207504
817584
215857
995595
511379
529234
410964
139286
185569
619176
882437
29361
693182
828408
733347
917980
464542
380572
61707
245620
189129
561740
660316
100691
40657
950143
583729
201713
927832
3269
873342
390132
532447
154477
425012
727900
336928
336946
231985
577076
504493
428340
864589
129375
272171
242719
453306
764958
713416
386713
346374
422805
977934
920290
983245
874422
47638
46104
163966
971234
808095
428184
878246
609366
349717
119794
603293
73687
956864
471956
313300
62142
513065
289340
322845
657115
253975
215964
405059
674808
468212
845858
453345
981281
934015
704325
476231
238157
165281
227003
159175
344925
571551
164398
403431
724962
706702
302347
399891
677091
817724
384158
926014
255768
675369
394376
716011
812406
686825
175222
851957
9909
415191
273313
796131
625227
567210
926495
103033
185699
96403
106555
797832
482274
827707
95360
625107
786675
358593
680775
664679
248234
872551
54696
701953
936791
618390
399294
874930
300771
532606
390503
501307
348429
889580
780415
847156
237158
732925
357098
673615
243465
553722
711626
602738
876550
845145
989024
970007
816523
73541
946229
516970
958855
253364
576525
460233
716165
221813
24712
76768
161581
919789
702456
509118
145411
973588
301439
125887
66282
813755
441866
714852
238076
185806
586830
766393
984802
208263
87123
219980
741120
398791
498263
566869
263959
716499
995947
600264
161240
111512
827295
982289
815393
767684
959296
870285
991336
432883
598825
493484
547072
922687
667458
551890
917712
355008
16289
832185
31404
102388
191442
765248
172440
73661
513693
722293
309985
926976
531664
801213
420940
872421
186409
795092
479505
453988
923549
738883
650773
999678
689771
566886
436948
194778
158397
729634
283263
352446
675780
44010
23512
619742
975531
785756
28377
607904
784718
486344
575226
546918
236356
170260
596872
742967
600443
187019
734307
261066
276778
302141
25555
719471
276561
511541
765952
812676
513226
435380
76379
520937
483720
432832
404886
994417
104354
544123
381142
501078
15771
808846
239925
448970
736647
443738
580226
343369
519533
558531
328800
246060
898278
109122
517130
752879
441258
278470
468790
760447
886784
143535
279760
904692
567262
495689
54203
641731
241017
537689
871085
5041
651777
642601
807010
249630
377735
949961
57922
410209
693472
418609
713550
737018
332574
402382
855587
327878
135036
451754
724107
961637
555352
104378
936761
457085
661348
981724
159273
380706
269086
714541
521908
253462
217987
972079
692712
259287
774412
327347
877750
754876
243029
681851
992714
179463
72623
467333
411056
68523
872095
653833
580966
334168
934528
15093
410837
579302
833602
732867
890619
825394
316127
4540
61227
318382
645359
240388
869204
938531
665863
217553
600082
384765
388205
990975
52342
473628
368410
559714
806932
193862
383350
187530
297768
809812
553546
489949
998252
75121
376081
963760
137958
162893
885667
758486
992988
511312
396699
425721
123779
847782
927349
94079
523959
549518
872637
497752
934344
528936
37566
196264
911237
581162
157198
701374
649415
223987
522768
591064
538082
246477
288955
836150
946629
596580
865389
106717
543234
752248
627516
296932
372662
37534
845762
602525
903603
469772
109317
3672
923625
245226
179572
614294
466555
136255
239658
576725
299314
948849
779083
842475
959020
383460
771202
88889
118939
181045
498646
511300
208874
257982
305851
985559
946132
113872
415203
550698
199015
880512
93632
523407
54667
120286
136508
177355
134741
41550
838944
626795
190744
271762
147547
935035
685612
414207
505379
451728
183483
490783
868294
557000
225126
595014
760481
487385
71502
153292
963252
370065
335697
519493
100538
945383
380354
366521
70719
601429
559434
18961
84404
677192
359580
922441
133998
523353
507793
799278
416037
405416
484174
210177
625869
387202
911072
809699
41053
840036
457358
373494
98859
719041
39211
989868
693326
706628
729116
651485
129960
190127
805755
347695
286857
332065
72777
85683
990195
180566
645375
290726
911368
408486
445430
214729
436237
851575
252426
112884
293377
809865
114698
610752
678624
27510
437704
948015
18564
582867
168525
902621
236096
721021
995497
514436
575569
619317
678432
876858
816198
233446
223648
792601
189661
762489
722860
317576
872368
823640
335248
873153
883114
252742
65956
733103
290608
15061
700699
310092
973410
823370
244363
52691
686486
73744
933545
229966
470385
40713
528271
647763
863169
680443
314833
754678
783482
864330
847752
616964
580955
919218
800911
142918
771521
587486
182001
530014
735587
462215
873490
689821
668036
560669
661808
622488
439077
418331
971876
232252
195724
717828
563798
874822
288865
125744
457966
957923
253234
24598
342754
935220
260351
501693
534712
731227
194529
522591
680508
101488
567265
639199
619736
562321
250385
400228
246922
387439
625848
342375
782785
340312
756891
220075
428729
400452
973871
779408
659272
579565
588645
621963
485067
748385
977178
360641
415885
993667
180559
534319
783667
429537
481257
669561
846110
272659
143283
26917
488538
508974
645872
205609
445050
911284
923035
914183
645052
588588
797853
831109
15519
564357
555090
175612
70265
430970
151586
27197
96093
288576
133573
842322
784727
118171
554800
186085
833473
208294
1755
769767
53105
955858
281300
998232
665807
603916
111684
325047
974842
494086
425058
427775
590777
430598
73973
363235
721070
726565
42060
786499
652526
614117
750457
830239
797565
783002
164880
943716
994952
857823
132413
380577
737651
406199
325571
871858
678424
945002
42148
943110
371725
495148
521421
195065
409838
98056
46264
251245
675178
186350
262606
601672
659737
185785
616411
773221
844715
501920
615103
645731
254395
383510
660800
819626
568342
952207
170786
748404
913450
108273
436809
592364
263838
560907
317837
735374
976858
264117
968102
146980
238994
597872
60072
687575
486071
616355
658186
383915
991206
810339
986778
478909
969508
271776
332660
160174
866428
663289
903286
369532
894960
582739
650459
555501
812829
430095
798898
341334
569305
932243
274697
27791
92407
894385
179124
226139
285643
98755
496731
928621
516830
561717
381071
694367
329086
479004
917374
90031
760687
810457
388649
622560
91356
433977
139653
335814
77019
582176
534497
937780
369936
193549
853793
863607
218864
236635
733418
716292
773355
265384
4313
647347
803086
594465
48985
489819
723253
714230
505875
158936
842258
234225
131007
819611
232249
971285
314121
301567
921742
76198
982335
687054
925455
141056
640708
244781
203154
509287
29067
369323
284999
840876
639779
393608
508640
272063
334341
104903
512748
829285
591054
246089
2824
270766
608875
860951
43152
173735
544344
129369
216988
485264
194725
645387
96008
83281
922142
301975
244079
530505
30835
887963
812850
377319
762225
846915
532144
945317
999675
229759
770039
900960
984337
673051
185630
623515
133397
960090
225377
811113
815779
150805
43188
442243
770067
52721
737840
79656
308669
983810
806218
202911
288097
359005
534102
847320
931568
794813
12155
9735
780069
698470
842522
182974
239294
932438
580424
913190
198036
57742
269885
334081
344317
966300
880989
199019
994231
113620
305211
943749
905356
557271
856902
268563
926552
905815
561444
426379
300686
851230
940311
288917
779536
446650
242970
836245
685557
657767
387135
724721
629473
350275
471487
405500
428969
216254
135756
578841
516413
707225
579150
984257
232618
191293
590507
93441
790512
848701
960958
736806
716781
810188
167916
777219
300475
833101
298710
818877
392011
189714
605470
703517
351766
541603
660199
908076
772653
59343
643410
290538
369168
764742
374451
712374
265178
777261
893771
134403
424880
189337
401369
213890
229835
220504
825433
437767
748616
626186
387931
919963
633263
809218
211637
906428
4144
222880
109698
790582
321927
844401
212236
807537
687540
95623
597792
253731
278799
644901
316239
697542
189544
12144
886013
650707
431301
626920
161898
827292
2451
701290
591848
756247
324640
229219
260765
748411
415501
11406
446999
230027
879217
68446
458551
46550
309938
673537
771703
433593
684493
521419
933847
336454
116357
193003
655804
534848
237867
897489
98481
916234
459562
594619
742104
535257
742800
231460
463721
748280
435031
599533
470974
737395
825622
403622
532036
471165
881708
158890
314582
254322
146479
328580
844999
149446
929191
252940
558799
968147
927797
724365
719393
30843
994577
479745
870351
546559
207594
774276
244904
493919
258737
885772
638207
148195
171172
499665
421101
222657
285602
73622
778617
52259
404226
247168
159918
663286
96132
866864
500617
505349
867687
929319
762933
108484
840850
431548
74007
397494
639923
645963
863837
807759
675
573075
497457
252722
222079
147006
795057
317513
22936
206967
265122
772353
476884
633415
993973
819428
113963
741630
52470
590203
631839
848144
129476
67634
442199
273448
324602
525401
937404
381181
744600
379887
651002
545656
130067
223731
543302
168569
723752
844027
705623
734373
170124
823770
668306
60451
301257
940619
342406
810234
77312
418747
118306
539207
772347
42075
553155
501962
727289
769509
958288
348751
310134
582127
51576
112992
220995
679646
779179
855534
923889
54477
324421
46974
510203
74856
593018
639429
755557
723213
529899
644558
66140
6159
128086
458233
649012
362094
512315
952736
429586
445304
277732
153961
55252
240743
275776
770168
875641
796904
495422
270198
752838
228463
342254
875079
101976
821055
329059
347696
412777
533970
154414
456489
503194
674802
145369
224760
772771
140226
505043
393941
11439
440428
473289
527635
387666
201761
999581
548495
137158
948592
861776
186343
571847
863076
152478
872879
128595
478914
752686
3245
180334
824581
103253
557476
535142
708382
720830
176751
815710
75949
295427
535417
99835
844315
593843
106205
602564
369099
64894
342201
276639
216937
505969
885432
311927
786689
96359
641405
282551
692862
520984
73967
57713
428225
635677
695146
562099
115568
186984
764164
496522
568300
867047
644361
726617
137436
101328
970414
343052
936961
197877
71036
932625
995256
141711
172533
761273
635629
623442
668772
380691
5724
469641
611230
9293
518790
625376
185625
531987
882041
560901
82814
836111
671224
239906
592565
540687
291072
160190
628699
820888
791759
358098
538275
962143
14031
93650
433618
668635
324803
364177
493594
728692
678855
903463
101071
975102
486619
843121
368261
794222
676435
169858
478918
917642
450960
10955
259062
265690
752888
87708
549600
493469
394403
121838
899191
708214
596978
23962
218617
106418
305205
420722
158811
995652
366180
848875
575137
972678
175002
591065
692698
465976
196708
673638
896309
282550
997605
90002
284386
520781
273453
891290
722728
708816
279426
814779
292715
472325
544992
728915
464581
140907
418831
664163
210392
844776
308755
304356
969311
911185
418618
179186
50334
994543
500498
997691
105985
14692
786264
444459
139752
804316
526640
891818
520940
83553
97667
635339
198062
960708
939590
679409
349736
402997
855292
802237
639431
766866
314511
821826
981131
120432
322213
390861
10540
111532
953384
439949
734208
203753
137729
679084
349667
932413
403599
708493
848386
654362
718010
770617
494668
926122
60393
949003
266430
267266
450056
616920
990901
753034
671275
293732
939341
146332
812859
794332
714737
738645
946725
504094
995849
356507
585906
909177
430738
640634
402616
27887
831079
815563
513720
575919
20859
560142
198850
900500
594501
308250
154797
55612
208771
459144
96201
164074
145816
339069
924651
478508
956542
950554
499051
909117
719122
162528
121211
38116
704282
783780
914562
341986
54181
796654
734121
29111
998958
197226
366376
41768
861687
904016
241155
683149
608969
11421
149691
8987
101787
371503
795292
587062
625817
583162
734530
317311
246516
360952
778729
263893
487986
929059
380467
921388
396606
723349
667335
274598
548023
623973
515954
439562
464857
600780
173675
726106
633937
17787
756085
126339
460625
246068
54839
535691
207141
847226
549991
795913
52310
57982
890444
830745
803710
608773
616331
902867
715249
144374
117109
78267
372779
608716
491400
245510
165143
935079
261469
50878
539113
861384
140888
833897
587128
513941
207427
825810
866968
625257
25346
462080
63369
488746
683532
441932
942
374530
177152
46459
239886
616320
50360
475135
721407
186052
619128
973241
900190
840855
826652
93404
180469
513565
39260
37121
164087
926216
93218
796153
95111
176846
912334
35720
385686
928795
221619
478934
858230
687731
820519
9222
289079
59184
886483
678416
466374
824778
322488
839368
743357
676647
855620
50921
441000
21151
832985
879028
229781
192072
722121
716851
672621
96568
530397
146182
193729
886778
430666
132728
644002
416451
811704
417066
317573
923989
153133
936992
725764
374517
218477
443384
94003
223311
291384
161515
327115
339403
496625
8192
628847
484340
223242
999639
239612
626797
227362
216676
848558
288708
214740
95595
245132
939359
993117
167185
151240
653660
732949
664431
956800
498216
884041
770555
86530
634085
126764
24600
18249
795009
18114
538583
781293
594672
986132
34822
408791
949276
821888
638922
850847
231534
290834
76931
522819
652341
201955
243285
403292
123531
639961
8060
171713
447092
517945
897396
386015
246094
234583
115674
255428
270370
358203
834794
74546
47877
544383
391283
106540
389727
155865
265934
829333
192491
85172
841821
816463
249697
26147
327168
293691
834475
957891
218963
158733
667405
762899
308054
604366
236835
70375
271481
99575
703338
436417
603616
814910
426770
680471
271922
516185
901080
785694
166225
335198
565104
974949
46991
517011
421237
1751
529430
791775
877049
34708
612499
351705
59698
416448
31069
508942
223293
898331
303757
42723
912364
505371
199686
767904
78352
604748
54625
736793
382022
397599
189123
215810
195453
924183
649169
536835
134207
169448
92286
691270
868283
282813
125860
185767
233217
72821
63223
771576
396056
898245
908037
297054
481402
826437
900649
920495
828341
61849
53271
439098
311214
400698
887210
239412
826882
579275
964668
479049
832895
785983
252805
466850
341020
353256
607626
713684
131172
926426
698237
681958
987484
554214
484706
401135
390798
646771
145919
826973
534069
727311
989744
264488
214712
804534
990645
64538
989435
312283
640224
854644
652197
722965
149686
834193
87315
561282
757046
716771
102854
52109
517597
951471
156107
798347
5780
790386
150729
207112
485342
430823
409711
298616
968691
587865
508802
127965
771240
648670
435302
341095
100167
446396
748399
834639
52474
70702
98928
3915
575568
587482
906343
577866
322807
388695
35846
906930
132229
692624
409639
665217
485770
196332
446769
544390
470090
91119
531335
295595
372676
436109
721965
541081
74851
662326
542818
497779
705477
527496
171036
971293
880253
211346
918536
648208
436342
790326
254502
974456
671254
832704
898880
602124
925798
138816
667979
669155
316566
222798
341165
956892
963415
872909
795662
374700
258949
243002
391280
990646
299005
98972
434749
92363
201811
570099
323861
137315
630815
21877
535011
213517
863591
371278
530772
554525
320507
117247
165498
195599
821429
741173
965411
178043
789438
504720
535990
193060
113258
193903
97609
795916
593488
432605
446115
230499
321433
136549
432400
932168
611012
533790
488295
294539
81268
297603
520742
845402
333250
934910
98503
122240
973275
483222
839632
948557
965117
866954
978783
137749
48604
659595
158238
81831
600942
473380
455799
982904
608273
168097
992487
637152
945986
219225
532508
933623
597619
26826
692513
469623
837158
196478
15338
179576
888323
339040
416890
323519
825281
695417
563129
105340
988393
446149
235465
131287
352699
951101
525407
208687
95505
163015
347323
218924
222667
263862
118574
963124
745882
343804
801467
202081
78667
384838
874834
552284
246671
936867
999438
571531
803647
143468
905102
829720
623487
874123
549993
72930
506424
904636
16008
433639
187416
902699
183641
638032
218138
345618
675310
212444
389321
407450
531514
385636
998965
570278
461953
108918
87598
974209
112652
976982
325603
879892
24317
160175
703620
148463
340427
254689
366600
277361
528696
743777
655343
834244
808371
755136
589547
796324
133574
205058
378173
195698
678451
281265
808581
873926
486799
403825
361815
409846
982783
264185
96758
168234
570893
484944
234327
608489
196529
248515
406621
725141
487591
39146
708396
22048
560414
934314
853287
490798
292746
548444
185184
11129
107400
975450
430049
899054
771992
892476
331855
834224
301692
922552
214207
695667
195809
725288
747277
857056
833612
363796
881482
419487
215993
995283
664736
616899
797222
144280
331543
94888
497105
116441
963999
183170
107770
218173
821608
573526
724781
170448
286746
280328
487596
719653
430475
697686
478051
572665
425739
663456
222512
512918
708572
84264
559177
438116
592047
201325
391668
36612
94436
336397
86969
887985
962131
311816
307026
520318
272122
468625
111197
548199
490334
343027
349239
9777
45139
858386
462508
834039
44982
73100
480517
503951
282371
201330
70612
78884
883750
200391
706422
788469
649409
323738
325047
402657
256650
519580
155871
684941
657419
199840
100444
369992
143203
960832
592491
924880
286357
395890
344228
996223
376177
283310
876724
171577
221701
72961
681422
623037
214520
718121
608597
145519
557628
887699
60989
751809
930977
549685
521473
793364
776850
230623
372372
909042
763140
626731
612032
139286
999818
776905
489151
304189
721642
231455
352612
839865
809919
231693
454737
142642
72402
995336
387999
31123
143683
49035
282042
547921
387686
33393
337337
686017
703983
160536
755775
717188
381706
52176
450796
769087
280124
47294
998788
201587
160293
317211
727470
234005
414808
803422
996117
715819
86927
429254
608695
1745
913075
205062
658127
78079
327830
428871
667037
227411
127583
809356
4265
167727
984088
885123
755583
11205
821392
406532
411880
253026
291004
185764
478790
399107
113940
513423
768830
182690
382540
80303
980692
77808
348179
970281
321397
201359
241035
732422
293873
628032
655768
444539
508733
567366
764003
604365
689385
329926
304133
38252
661278
459727
141112
893902
634282
9518
661601
247881
912847
555481
217025
294192
849841
779225
822673
863704
147637
835401
643292
418114
59308
583911
456623
968653
167260
13892
979987
718569
69425
182695
957783
171497
696504
124548
882558
101764
726766
199329
185761
171700
949191
582655
661938
434180
882630
758545
307315
404947
287474
195917
747397
765196
310765
196810
696504
169604
226647
808670
221206
320964
145866
196820
902057
969212
231807
309417
71935
333417
521674
375317
390669
449501
704172
104235
120254
365170
130600
759851
851971
87088
696011
641706
957321
724695
411890
530387
624670
921288
558864
955452
507234
821107
724974
685358
342917
458652
401382
586207
697507
447312
138017
493143
93523
111607
732671
404414
697249
935757
464222
897052
931845
690133
911133
329169
407208
428811
672579
968023
658497
716670
303588
60105
195151
267444
339659
814342
180611
100417
25511
987890
476826
854619
654160
805266
90386
726655
675351
591826
272766
980149
910732
741030
529700
434023
460626
771726
773813
601718
273363
42296
854881
539050
215785
912537
972221
126714
329070
394233
849000
370744
184047
219828
776038
414790
686569
645439
501054
972707
23105
66287
657589
771578
956292
426264
696487
721756
451060
952391
194838
748476
69344
703182
84144
78089
116188
290489
350400
276428
86030
503154
820955
165272
539011
799918
995179
49445
685418
960368
419008
624493
588660
759086
814946
740315
407136
456336
65032
415527
41787
916512
695079
531814
560964
618653
508057
752645
784057
146246
34175
35985
11188
491894
312188
197852
603496
996765
224622
26774
440397
355598
866387
329471
316820
645737
627102
270924
415833
538225
929459
603502
408996
833411
192896
676159
943973
46664
754721
831172
259702
447902
957060
851090
74491
313265
750620
356059
633646
560353
510373
351143
510293
900498
826878
11592
34790
128398
331855
445514
790105
219917
71025
381438
200088
983639
970667
575642
391692
280008
205352
400952
642541
488240
981790
832606
476981
167355
85503
792801
99340
525663
45542
368052
651890
191787
774476
923405
270433
962748
13560
337953
184782
701343
568995
374473
62683
371845
888395
819129
549638
476483
304877
404787
508888
355218
581062
998318
284589
879144
929935
203814
739968
371484
213568
3537
294768
925547
927831
431285
722691
456177
514064
166119
397768
54543
700667
599658
794448
98722
144393
572977
694448
334089
846165
584778
528190
822080
745459
773480
945014
816605
584724
75190
509722
355959
781635
778833
37244
358031
215708
187228
651764
740628
408114
275343
94057
698223
829970
931895
13999
26271
930385
8077
480971
743043
703253
292938
609844
879662
505369
435134
633414
917540
133513
568806
344891
765394
847119
701803
950252
306936
540185
403684
170260
824151
696127
739035
299524
361996
214969
419407
612863
474134
864569
837052
848726
261740
604825
472232
254595
988824
974423
990393
330093
747968
387750
867455
585859
890085
586173
604233
173999
252157
384323
859988
146864
956604
416826
323268
318582
108564
364911
478611
585609
531319
855159
179466
317955
102671
765532
504564
691023
338484
171857
174534
502321
520725
935280
896473
610116
751725
110654
767005
579566
917853
172033
817790
531607
693225
491527
967784
800337
178229
431566
822547
7859
335372
899368
452592
95589
237962
869599
511133
363334
250905
472634
34296
198112
57434
589439
876896
520474
104926
134878
745032
9594
725038
837751
95225
92558
485545
22380
837425
808704
584217
76282
886268
685719
805601
886638
525877
419654
846218
693421
836306
146216
488364
318663
798752
675057
667297
23071
948112
101780
566288
397627
243796
325715
40941
550757
301965
483584
902197
382924
183104
211748
120175
348997
427817
555038
593315
606273
734697
26169
341237
718731
185941
530876
765426
950726
737582
650853
621132
116552
364308
317551
422768
714695
751095
747882
752544
167358
456756
285786
927047
353597
557333
106126
918532
332429
534012
865478
920889
666251
959391
353872
964484
455116
726075
911319
777849
312206
967789
784087
352612
40374
602330
51720
679496
14231
985956
692707
507349
300633
985049
924307
244104
890243
847170
850366
299928
535726
461860
617282
615414
757111
836461
972649
419824
881720
585786
678104
140127
37405
895195
640339
82601
764679
959282
683405
48045
834183
798395
674921
111807
573634
985861
683628
309520
73395
732807
628125
864238
862995
428533
979499
820642
575267
354686
582130
314781
61733
133302
701084
864483
863368
784311
972889
504909
639573
180310
47825
609974
159469
284988
907582
626134
789704
695240
659297
185217
628623
687732
299055
836529
571801
274248
135101
789524
303607
190024
989125
586518
668006
304300
42177
45315
663024
999986
687027
74312
694294
232742
490845
998233
941397
442355
613863
390566
476361
187890
907857
599436
350429
847774
952726
960607
322558
171996
363693
88252
978019
637972
712143
259481
26428
433154
37119
305150
486822
550998
311407
745536
651123
758680
868748
828302
730391
893961
934433
408876
298911
695546
333090
148074
562124
406711
558526
579613
830625
202702
113522
935656
2246
401491
554006
266717
108731
7374
801229
640802
375831
582566
199087
954759
715205
689988
140374
571811
498328
499506
512395
112664
404884
265369
514131
739042
102388
563702
191802
594215
479860
144202
142430
910343
549380
799155
94881
767400
233306
736705
943733
556781
361866
702848
778272
229851
239280
657352
811509
999964
930018
313222
680962
906559
499501
621700
779018
778465
607621
858271
628837
32304
71171
827206
816013
696733
482856
890184
94777
666144
689871
903635
715358
275070
349626
848804
534362
737781
2116
460261
254667
967241
28783
522367
968668
468744
411949
862266
824037
708467
54607
211861
291857
583882
822689
794730
365074
394113
959147
454198
214603
157687
624259
84083
376583
647090
702819
283721
697676
358332
578586
287681
216290
915472
66910
490949
773974
753364
621123
535593
487098
589353
931010
254361
14309
880931
971686
822421
970430
436931
657741
553485
4209
300350
515336
769715
40384
902418
57817
778347
486667
509691
382821
205706
445095
273606
54015
972881
720773
717009
251352
844586
961217
660841
800658
772659
362457
978084
966372
698464
459391
566046
328969
834345
238565
669444
7351
522755
888365
620276
652830
861956
150276
279486
130314
24567
154934
877471
594245
303975
131764
311590
23411
62653
432012
727129
631272
430217
329030
60705
330788
519085
143882
879418
250035
35295
636969
481674
276531
707381
834768
594643
721471
884061
531064
881488
869894
949022
621863
893
655432
121424
65298
142606
893003
262424
287650
337533
595268
111022
113192
739622
332581
821719
530411
545211
323190
163910
975401
149577
282251
771151
925020
974956
478053
633675
543540
980181
946103
485580
81476
526258
726956
579069
24255
215006
150058
204088
778374
337026
268494
933169
531608
672437
497913
405496
95398
350399
735236
186485
283769
702016
759165
824342
668330
714134
289324
223564
53573
723731
166652
985215
662292
676790
755624
905167
903684
241051
179035
299216
234026
213734
193083
163375
175153
936417
78386
559308
823057
133607
592540
427431
792473
230988
110009
445479
653854
732626
632289
204092
839445
539157
322579
828116
60990
558963
17021
746696
254934
691532
66369
133152
528375
655224
830923
396764
526407
132808
680987
220605
145049
64829
87488
287103
698019
286735
38200
299850
783460
700182
991446
744917
799243
226176
718279
229331
855897
380271
144543
180434
214973
483778
532838
475083
113424
124673
635413
941990
665700
91107
833203
997597
994787
882722
76072
369451
413434
698962
571046
604633
249892
845911
478620
113440
803362
675477
584494
977567
245553
714831
659159
821347
671919
452423
88897
938932
207898
406701
634428
221072
490193
586424
269379
496128
18325
538988
783176
846235
411304
138671
101918
417332
902585
64188
395165
861281
205790
719104
24386
538218
821772
898127
57613
604303
816258
935149
682808
123245
164421
174880
510821
692947
181898
740450
286040
551186
52475
997268
216459
147472
649948
228540
27059
286393
632450
625256
392279
166206
208009
396010
9456
568128
165454
517324
407990
442947
719979
455587
166507
642146
261679
808234
25890
382718
388255
418953
386996
543083
720282
702141
800282
956514
903410
522212
540005
47968
950070
129184
359039
961471
290158
621225
158219
982511
845400
284998
744282
499360
148052
775463
32735
958729
372759
180952
491556
648883
703884
546251
922938
231949
724686
463131
122292
488978
418439
54521
380639
188813
231172
530008
535601
292783
433906
547108
68199
212207
262427
166809
235552
430073
981140
526992
991096
906601
548247
835928
587679
695277
641881
825271
441360
183262
262030
4710
294250
608088
286719
115613
395680
930888
987934
978411
187225
357044
567866
890607
612053
701894
806468
795549
801568
45335
370674
134093
51014
791778
681134
100096
951437
734813
771751
284523
576051
608336
944377
257024
222125
495812
706338
844316
294658
649764
518114
607631
509966
785848
403644
943673
773021
801838
576990
615126
554940
336858
552643
232798
48798
159403
852840
20862
288679
831876
165297
749275
382341
543019
404303
317936
137509
315262
512905
940275
734311
571027
415941
645859
969140
644513
739658
805889
584596
932781
67689
789204
748802
587738
888985
994990
415785
752584
639517
881344
378762
436350
287335
490480
246173
774069
165765
211996
664613
960675
248046
503857
598923
853240
728790
107712
603704
657871
79717
288271
39820
448003
236751
782412
313290
938115
555129
902050
603987
771241
421852
167827
341648
607351
977658
555630
42197
48551
461574
932856
69094
610785
635620
991925
351755
872860
555109
549820
970858
220222
418563
190098
331323
178850
622322
420053
832872
997216
571514
418375
280111
956202
525684
25073
840075
452564
252357
65948
93789
129874
903532
408908
78112
256824
845747
252627
91395
264989
624207
46054
679098
15306
643572
882065
652341
819056
779393
953239
578397
567668
813254
302164
124302
982675
697795
865432
405728
206393
640918
364945
234641
358171
130896
70567
248887
307127
293781
10432
479205
609559
768759
340427
258183
810234
808973
978726
332797
1856
847823
771236
104832
702606
90504
224276
40100
672237
907749
620666
746257
222972
547633
496751
55334
812186
884705
856084
253574
102800
47615
935730
637680
41879
931028
87759
91220
833796
747734
222844
351433
48264
979757
498508
639257
730532
471734
671233
999739
815328
104601
214
627077
886720
828153
211761
445858
48576
58170
494564
127835
453067
588324
764404
822811
534521
838991
878323
374128
648315
846137
253097
777308
941581
43231
505239
917180
517090
844720
830920
521452
600504
196656
688810
643241
111055
985392
483700
876228
169547
656526
9695
735196
274008
360625
917549
842047
950733
285982
266755
167097
900841
34515
573581
605641
765783
741842
23199
348239
982372
869957
914552
616557
503596
300691
694211
793304
88145
249843
616428
311385
399773
460270
179911
385752
333150
182399
384327
687723
98268
997136
61276
591123
900241
311731
907080
600736
494326
232671
606532
297183
115558
344209
783590
280980
353732
257692
403265
885784
379190
815750
10166
587715
570691
910099
457476
683064
905799
944081
42947
87513
577712
490172
695087
166482
380850
529070
34320
338490
193456
975643
571493
623766
79265
82059
379751
410611
412461
937089
138819
284195
97473
197582
336093
766350
800666
361588
658734
332113
936993
475471
906305
537823
706572
466004
500184
603040
838694
128581
837014
779738
384825
845072
993680
81117
199256
739382
136986
692603
513683
382137
362916
808245
915246
509752
7543
933762
607000
183226
876007
712710
666870
562535
957024
896245
574416
974076
976902
123907
851468
130115
787276
308518
69387
962229
798658
507722
219148
442134
257682
191253
210708
282544
360392
540382
777532
2305
590990
107802
998333
905688
512252
77110
523510
842973
261541
97511
230609
967167
128020
677035
304861
785472
860199
101653
241544
801941
251303
352753
610823
291811
398509
971339
264377
894653
597189
796310
596263
903458
404485
223844
356326
523667
29972
802067
743203
574461
361637
949903
32922
566636
188863
273364
3616
220064
775388
469615
90380
439532
495379
296758
809018
766556
403988
310954
362535
995941
161220
698443
965845
204318
641502
729263
860711
16274
479855
595176
266152
505469
416147
496842
932486
674967
800835
388867
364870
360988
275883
211735
24223
141448
34425
983343
720963
943084
279237
241605
65548
225204
450816
936212
150962
739227
808283
109185
410026
338962
287955
996057
959363
470323
95323
957054
959025
210774
288392
661639
864751
926004
916171
869593
864340
726931
162232
423325
859922
12145
921400
791334
930084
224370
284375
130518
755618
405881
762870
330348
4316
795483
899119
317903
433201
693971
342787
870641
786403
604583
98005
741775
797135
64295
309583
6449
877447
13509
491244
574641
987257
232291
32545
212238
221274
761344
749071
591441
691695
381580
590364
274203
892872
197117
399088
988955
273568
696048
983255
56311
423662
704989
661038
150925
56358
215625
683997
175782
409782
186415
387062
341995
971819
763752
613292
344368
457911
930851
354001
94439
752453
303606
449087
269929
755922
748654
641255
738257
467429
342021
383311
233760
49933
710989
41575
13592
873703
451865
752798
404397
918091
318
100533
864802
935694
656139
170776
958016
131728
92154
355726
661909
716526
194087
696050
583731
143418
139759
10523
674912
647113
188851
222005
984459
123608
676122
15667
693748
954416
594742
718352
839287
99172
591051
821697
523869
694955
712625
52703
810762
8446
332061
275198
527786
486108
122579
689812
385746
405401
269074
979561
215147
870576
444066
290143
119599
192925
248790
857662
995358
990413
810919
23607
38861
981846
963099
375828
546876
493597
799603
438821
675624
896240
673436
984485
703875
348501
322342
824195
943788
337585
72689
954114
201529
914859
864202
86939
257397
995213
185130
979273
363350
233502
939580
269624
771236
982158
745173
338630
80924
718050
885469
586562
260846
357942
345771
557814
213617
30637
58444
645443
15856
26570
267869
791909
211788
93643
465339
285191
706340
750046
456403
817912
74675
418694
602105
797315
317844
296904
764002
205531
426747
469446
762069
533228
325812
274446
291771
849399
87486
72029
766590
385504
174252
978012
737879
340197
562579
563327
660403
894092
238226
970840
103288
31925
374445
297948
404578
692369
834184
166213
681070
270950
702731
391884
469881
149340
916335
301361
3630
441163
170082
208357
530108
241746
996767
32291
78352
521070
115668
225465
850311
852389
588682
516432
363532
340685
657513
873739
394871
886929
584626
927604
306039
110471
700964
36285
494928
657328
37011
873634
598049
87804
998434
677317
434179
324910
617634
499302
326783
161391
976437
90922
520084
50559
940184
502453
999507
717523
90384
850555
888398
147412
346316
301981
912728
160204
970627
329574
447257
659894
147455
147793
599305
339041
851776
392662
805337
672984
850230
139961
554702
898117
645753
137931
319427
124900
795595
698621
909308
376136
724637
701175
389323
750718
428386
692489
4233
886211
184667
688515
160356
37635
648540
999711
249188
977006
622114
841941
805904
937855
222810
302535
346714
869145
94078
465259
225882
667676
314201
641549
255618
751008
615897
340316
918590
741144
968548
344067
194279
289191
76213
56917
225710
564990
951299
355613
456553
339000
111154
814285
549369
499497
253792
601942
774231
532228
689577
803372
451901
430755
822327
59424
626241
361640
93358
870185
134763
204509
590033
872837
811003
141340
956813
573657
698187
776149
996062
880684
436922
618428
278484
642996
572531
467609
486210
940665
783297
481994
421086
836943
670299
866637
435241
156940
50527
88154
357558
149605
693086
145523
73999
735264
655697
132174
413522
722801
244898
222819
886113
980959
894292
217112
616325
951933
124874
321446
952916
903462
109124
63529
668906
79881
27041
947908
788780
989441
496532
214797
779604
547423
211802
891988
960338
568238
454636
409687
858895
909954
275207
432085
396641
185284
249213
51719
374408
799050
311483
119445
865631
338305
524164
873850
733231
599177
594889
616669
30669
836963
263599
821081
849357
881660
119301
586033
629347
313937
130616
274825
173597
869489
151918
750528
785357
55806
101676
754516
810753
789509
892954
927042
944601
873970
165098
627253
592943
735644
29528
835153
114812
414612
260181
131947
335827
927695
320687
243799
593308
871713
839161
890685
503312
359050
807547
626476
603738
124389
620267
752727
359107
899198
724190
242143
625824
89203
968910
739898
319298
136733
348316
626341
306721
514303
192221
638301
686982
116596
714108
505777
859108
761691
144632
238947
501000
629585
929010
371120
59483
936717
905347
250170
673687
437367
66354
76085
884727
313131
469819
759134
266294
894887
569568
801191
340167
546206
681105
196744
344682
330169
42880
42498
615014
588199
916166
417057
506102
366712
31352
121310
322069
429302
600395
163341
670016
897632
328043
926943
328023
144855
235199
685271
596646
749115
818041
153536
667169
321448
909174
790519
5334
9662
62435
310474
170826
658295
88128
683133
971975
898942
641400
479086
404057
164076
817502
864388
9459
752478
739608
845280
748040
288752
682140
410979
162586
159624
943078
991292
689225
889402
764942
192319
700409
806916
105426
571375
94160
67599
189248
493456
612985
581940
577040
516155
577976
787254
960575
368325
231874
833423
877317
856120
446715
577515
220258
3682
181233
178524
288152
665148
248589
368976
983864
959383
644144
91382
93099
417770
237368
66603
96589
700439
269358
831536
18372
734772
384132
828556
845107
546477
147212
387147
414478
401889
859111
415138
874614
593684
178189
54755
603725
567447
641680
16363
844493
362076
762218
772861
711339
734789
426026
742594
206989
402015
184313
362213
703953
778523
546507
457805
943958
887224
436563
192220
562717
966076
810019
54428
262891
938563
582563
321239
240889
769999
865709
539017
260406
753861
603828
306850
122327
117084
285726
482635
431125
575998
34218
317638
154840
160027
98605
938373
568358
300477
872947
899176
276866
969904
195257
157756
836841
951031
914398
638647
119581
601472
610799
669011
267856
149001
519380
547506
814831
61184
582871
824329
468097
904077
237713
148203
186205
996440
155185
883107
838790
245555
622116
223703
266470
495451
671378
576911
790894
669180
416614
2464
545170
282157
164287
435006
284968
190699
315955
413760
698945
363365
618301
806353
314025
371296
598597
236735
726201
35446
496898
351158
44994
664626
575790
172647
930583
295504
961801
319816
975863
581751
758492
157960
449099
897551
168494
622103
579378
44883
217045
143850
460233
905112
763694
946989
922731
275871
579471
363665
788369
254572
659220
325922
849613
163766
217201
657127
849182
162071
991663
283376
784222
556018
483765
107430
313794
571637
46462
42576
491872
49932
307871
130648
885854
119711
673180
529216
922053
997210
436729
893633
921569
654656
947204
365275
691566
283117
452286
357406
134687
560513
798574
512951
670305
749210
634908
366991
560092
377245
784833
690695
478828
828886
376119
770219
961776
62176
233000
953766
626045
453486
833385
383396
233006
478120
439606
450510
315749
969392
39054
625139
823245
785616
860940
220047
682243
804272
884636
962036
523609
356165
526920
927295
615347
612175
761003
540835
542686
83040
789132
244044
136727
935576
200406
851858
144339
626650
117073
885935
753297
762128
110262
484853
804976
137580
428909
606382
608019
525211
22894
688994
514149
110091
605952
961783
596465
513589
155920
535493
52631
466074
797388
463785
521839
808742
180154
998617
655588
673043
770883
415993
971437
813364
648648
195175
787264
946649
218404
197024
760103
161680
432123
165853
11848
683525
314800
360777
959535
461200
833165
285222
164783
434822
980346
62984
630166
327345
249874
269087
934204
897680
467817
304134
657273
749936
681417
597751
645508
994155
580375
653571
583560
658233
810802
578143
601438
896129
509254
796247
175117
961364
815580
45310
843423
173546
682224
322578
721328
801205
25663
10043
904008
500003
975839
81146
180425
984077
390758
521519
735282
548312
898566
649450
414148
919368
862977
624290
560862
275277
193290
398642
748650
598039
322414
447958
187278
340929
890225
413125
446202
923657
581602
811640
327714
287484
865951
362568
180812
942393
847714
170311
651654
432275
605214
591625
207671
107890
467771
679929
789840
645644
369166
504300
857882
766510
174379
162164
642601
360510
165035
678285
422828
390901
338442
303501
950759
946922
69160
923802
106199
388160
717015
307417
382215
185289
940851
856969
445918
538696
491648
135136
496077
890553
709463
534467
530188
654997
13185
213614
750157
94591
558021
760239
711935
634507
87977
152124
793675
280307
851953
720911
514426
968403
102161
452228
655431
4301
869243
30895
689821
994377
60602
450113
345133
147395
539619
711404
847671
256283
531166
651649
869795
500740
411308
381710
124676
518561
507827
734999
92871
122796
476256
739282
618861
493579
862937
614209
93041
172341
11566
141472
104101
904387
122073
492961
211073
132463
482495
581247
791088
48751
283432
926644
890369
495335
340835
626388
495930
495197
723189
778801
511360
340190
503987
285923
184980
72620
318141
817832
377265
424064
665488
903954
769484
958577
591095
711932
32227
594519
251853
496823
228007
100421
568140
137702
746022
902118
109961
324556
629552
932206
257537
911921
386513
948142
547837
761264
299469
120127
126124
623606
101043
255301
753808
884328
625855
998809
416456
755540
456100
242827
93162
180753
166767
827508
949625
327939
238562
437500
785761
863757
941133
114663
70343
901424
19832
450907
642256
192429
125314
958827
146985
737031
363212
676676
641907
910187
704362
268392
946357
139898
689061
924768
280759
538999
873198
839999
331870
709866
260032
973608
959928
806300
567885
943944
148297
978576
729391
467611
330093
22553
479805
377292
634066
247143
169063
174131
821109
68841
34581
725259
877896
591766
223135
373401
787413
90479
652722
73993
350840
452541
880018
995068
44612
962973
548058
544572
745477
149215
436992
654459
610870
278051
119192
770019
236205
875416
758013
420901
200960
404241
345053
219949
462165
373554
341651
186283
406395
682282
47515
614965
906326
293782
280989
171414
864880
365263
210455
455325
128354
441054
948779
961586
852819
31830
17300
423451
338590
496596
840402
890711
278171
925403
623629
960539
581561
314713
424207
559320
492529
815329
622054
97668
195025
449856
905624
482124
243776
297227
143582
507462
67908
495084
708052
664919
631029
107803
374298
868113
518009
988807
130710
992286
785294
236597
993129
634404
56216
757485
618074
691347
242106
66677
830926
930092
440965
253610
521290
409639
237560
31548
342286
446180
186413
64457
399579
573106
779887
909781
731290
423219
948983
763595
627323
287081
500522
550409
153713
138024
293553
549399
24150
688415
139755
3086
229468
318896
828694
269448
883688
828219
62658
975748
528583
52466
98532
617184
819028
976931
106363
508023
96759
513092
551621
314135
13081
33702
649602
864346
917627
936584
904235
414497
191856
616163
402083
339603
41662
984565
858421
720066
902271
927574
704672
179930
901186
171846
295639
645834
711539
943002
220784
731562
576423
935363
765071
765459
455446